inst/extdata/altitude_above_channel_network_rotated.asc
NCOLS 340
NROWS 316
XLLCORNER 528502.529920
YLLCORNER 274871.653426
CELLSIZE 100.000000
NODATA_VALUE -99999.000000
[rows 64 to 95 of 316, columns 0 to 72 of 340]
3.098 3.498 3.493 3.486 3.495 3.485 4.017 3.454 3.446 3.436 3.421 1.559 0.429 0.374 0.303 0.218 0.127 0.000 0.008 0.000 0.000 0.790 2.100 2.914 4.771 7.465 10.883 11.644 11.541 11.438 11.335 11.517 12.825 13.674 13.572 13.639 15.973 16.278 16.165 16.046 15.892 15.692 15.225 15.219 15.323 15.156 14.577 12.476 13.932 14.395 14.167 13.928 13.681 13.431 13.180 12.057 11.293 9.196 4.100 2.112 1.222 2.599 2.389 0.000 1.827 1.383 1.811 2.152 2.133 2.851 2.504 2.188 2.641
3.187 3.217 3.215 3.211 3.226 3.205 3.205 3.208 3.216 3.226 3.233 2.273 0.284 0.244 0.185 0.113 0.000 0.000 0.850 1.564 1.414 8.760 5.669 9.133 11.434 11.712 11.608 11.502 11.396 11.290 11.186 11.779 13.009 12.729 12.840 13.389 14.937 16.053 15.295 14.902 14.784 14.659 14.526 14.344 14.171 13.428 12.941 11.700 14.104 14.295 13.980 13.734 13.209 13.301 12.549 6.055 1.980 1.650 1.501 0.000 0.000 0.000 0.000 0.000 1.665 2.083 2.431 2.230 2.781 2.738 2.398 2.758 3.292
2.940 2.940 2.938 2.937 2.937 2.940 2.948 2.963 2.988 3.022 2.543 1.008 0.161 0.137 0.091 0.000 0.013 0.000 0.270 3.345 9.867 12.050 14.528 13.967 11.713 11.596 11.478 11.363 11.250 11.141 11.035 10.933 10.834 10.738 12.579 13.233 13.376 14.096 14.893 14.586 13.814 13.675 13.558 13.292 13.105 12.096 10.763 11.745 12.809 13.006 11.125 10.439 9.891 9.438 7.996 3.112 0.419 0.189 0.000 2.518 2.312 0.781 0.862 1.484 1.407 1.958 2.481 3.021 2.965 2.605 2.271 2.681 3.733
2.663 2.663 2.663 2.664 2.666 2.673 2.687 2.713 2.755 2.803 2.763 0.043 0.072 0.059 0.000 0.013 0.005 0.000 0.000 1.676 11.502 12.278 14.518 14.129 11.616 11.481 11.350 11.223 11.104 10.990 10.883 10.782 10.685 10.593 12.799 13.949 13.977 13.474 13.728 13.677 13.562 13.381 12.921 12.444 12.065 11.524 9.178 11.574 10.801 7.965 7.017 6.246 6.370 5.636 4.625 3.069 0.366 0.000 0.752 2.508 2.258 2.005 2.091 1.445 2.064 2.569 2.670 3.173 2.804 2.454 2.836 3.506 5.755
2.386 2.387 2.387 2.388 2.392 2.400 1.382 1.412 1.463 1.549 1.695 0.000 0.020 0.000 0.008 0.004 0.003 0.001 0.000 1.317 6.593 11.618 11.734 13.479 11.525 11.369 11.221 11.082 10.953 10.835 10.727 10.627 10.534 11.505 13.060 14.086 14.842 14.736 13.618 12.765 12.478 12.266 10.518 11.179 10.011 8.572 8.056 8.832 7.303 6.158 5.212 4.523 4.577 3.770 2.824 1.454 0.000 0.000 1.163 2.342 2.052 2.634 3.036 2.577 2.803 3.389 3.369 3.624 3.669 3.299 5.044 5.375 7.952
2.108 2.108 2.108 2.109 2.112 2.119 1.396 2.166 2.169 1.272 2.076 0.000 0.000 0.000 0.000 0.000 0.000 0.000 0.000 0.000 1.072 10.274 11.583 15.030 12.396 11.257 11.089 10.934 10.795 10.278 9.251 9.926 10.379 12.458 13.581 14.805 15.210 15.562 14.952 14.509 13.772 12.300 12.002 10.348 6.504 6.410 6.241 5.771 5.254 4.283 3.694 3.383 3.016 1.969 1.472 0.945 0.000 0.000 2.057 2.160 2.725 3.166 3.511 3.746 3.188 3.250 4.197 4.737 5.204 5.851 8.180 9.291 10.936
1.827 1.827 1.826 1.825 1.826 1.829 1.840 1.864 1.905 1.978 1.055 0.162 0.000 0.351 0.000 0.010 0.000 0.000 0.000 0.000 0.000 3.131 14.385 16.159 11.355 12.106 10.950 10.777 10.628 8.056 7.483 8.459 11.290 12.809 14.531 15.736 16.920 15.532 15.462 15.218 14.532 12.451 12.127 10.078 5.502 4.439 4.383 4.528 3.299 2.803 2.079 1.472 1.234 0.715 0.299 0.000 0.000 0.045 1.946 2.045 2.639 3.317 4.006 3.678 3.360 3.989 4.817 5.306 6.381 8.393 11.354 13.336 15.039
1.540 1.540 1.539 1.536 1.533 1.531 1.533 1.542 1.562 1.595 1.364 0.596 0.000 0.000 0.025 0.182 0.337 0.092 0.000 0.000 0.000 1.576 9.357 14.372 13.967 14.269 11.742 10.604 8.936 7.400 7.426 9.534 11.456 13.327 14.571 15.497 15.482 15.555 15.125 13.512 11.836 8.238 5.068 3.586 3.012 2.874 2.808 3.027 2.576 1.031 0.312 0.000 0.000 0.000 0.000 0.000 0.000 0.880 2.021 2.772 3.202 3.195 3.788 3.458 4.112 4.786 5.399 5.644 8.523 10.829 16.061 22.032 29.553
1.247 1.247 1.245 1.241 1.234 1.226 1.216 1.207 1.200 1.196 1.184 0.882 0.000 0.310 0.517 0.545 0.089 0.141 0.331 0.451 0.000 1.409 4.685 13.324 13.688 15.344 12.601 9.167 7.315 7.190 8.247 11.148 14.415 15.431 13.081 14.370 14.207 7.671 3.002 3.579 3.164 3.107 3.052 2.998 2.948 2.901 2.843 1.588 0.640 0.000 0.000 0.055 0.124 0.499 0.483 0.783 0.834 1.722 2.886 3.757 3.677 3.907 4.776 4.985 5.131 5.577 6.723 7.651 10.493 18.759 34.872 40.291 46.789
0.947 0.947 0.946 0.942 0.933 0.917 0.894 0.863 0.830 0.798 0.756 0.660 0.000 0.183 0.004 0.200 0.407 0.623 0.860 1.060 0.446 0.000 3.944 11.826 12.194 15.488 11.340 7.672 6.125 3.291 8.248 12.330 11.797 7.944 5.872 3.576 4.546 3.061 3.102 2.559 3.083 2.946 1.684 1.699 0.353 1.503 0.000 0.000 0.000 1.357 1.810 2.222 1.867 1.461 1.919 1.669 2.277 2.221 4.026 6.267 6.626 6.424 6.351 10.658 11.335 10.011 9.838 9.987 10.909 12.745 19.257 28.204 41.938
0.638 0.640 0.642 0.641 0.630 0.610 0.578 0.519 0.452 0.401 0.365 0.299 0.289 0.368 0.513 0.684 0.905 1.155 1.403 1.671 1.438 0.392 0.000 1.483 9.200 8.582 3.214 2.321 2.157 0.291 1.511 1.956 0.231 0.230 0.509 0.457 1.148 1.345 1.376 0.761 0.224 0.049 0.000 0.000 0.000 0.000 0.000 0.000 0.000 2.011 1.546 3.052 3.314 2.897 2.959 3.321 4.693 7.563 8.813 9.041 10.248 10.254 6.980 6.955 11.441 13.877 21.423 25.932 18.333 14.038 15.838 23.752 28.272
0.321 0.324 0.338 0.342 0.331 0.305 0.280 0.224 0.000 0.000 0.000 0.000 0.000 0.000 0.000 0.000 0.418 0.642 0.884 1.156 1.448 1.813 1.503 0.000 0.790 0.936 0.453 0.000 0.000 0.000 0.000 0.000 0.000 0.096 0.111 0.109 0.101 0.090 0.075 0.053 0.000 0.000 0.000 0.251 0.000 0.331 0.063 1.739 3.176 2.951 3.527 4.923 5.156 6.032 8.385 8.525 9.149 10.470 11.284 11.798 12.453 12.297 12.091 7.115 8.249 13.913 36.779 60.506 47.046 30.389 18.186 18.786 34.352
0.000 0.000 0.000 0.120 0.000 0.000 0.000 0.000 0.001 0.000 0.154 0.242 0.237 0.568 0.202 0.000 0.000 0.000 0.404 0.595 0.849 1.203 0.000 0.000 0.000 0.000 0.000 0.084 0.030 0.008 0.000 0.000 0.000 0.000 0.000 0.000 0.000 0.000 0.000 0.000 0.000 0.208 1.684 2.233 1.916 3.500 4.585 5.404 6.115 6.602 6.406 7.247 7.957 8.911 10.315 11.538 11.359 13.216 14.056 15.588 17.820 17.552 15.444 10.736 10.808 11.651 24.815 63.000 69.338 53.078 46.941 37.628 35.068
0.763 0.547 0.000 0.000 0.000 0.000 0.000 0.000 0.000 0.708 0.743 1.426 0.733 0.935 0.774 0.778 0.121 0.000 0.000 0.000 0.000 0.631 0.961 1.094 0.856 0.450 0.166 0.308 1.065 1.689 1.675 1.579 2.025 2.543 0.924 0.543 0.000 0.000 0.476 1.178 2.159 2.654 2.787 3.446 4.027 5.048 6.365 7.242 8.051 8.782 8.535 9.272 9.803 11.473 13.276 16.273 17.636 16.591 19.129 27.919 43.849 37.628 32.408 20.748 11.159 10.820 16.851 34.283 58.598 75.395 71.444 60.376 62.702
1.443 0.534 0.461 0.614 0.621 1.378 1.663 0.986 0.511 0.701 1.457 1.636 1.634 1.476 1.530 1.545 0.774 0.556 0.000 0.009 0.073 0.000 0.428 0.544 0.499 0.347 0.195 1.090 2.150 2.964 2.929 2.901 2.876 2.851 2.245 2.439 2.474 2.158 2.662 2.586 3.209 4.216 4.478 4.786 6.075 6.880 7.816 9.170 9.572 11.756 12.688 13.743 14.889 19.281 34.133 48.365 33.170 21.946 29.243 50.151 56.219 50.887 41.414 25.312 10.963 10.620 10.537 19.587 35.988 46.951 81.026 82.843 85.703
1.472 1.224 1.245 1.263 1.273 1.716 2.264 2.285 1.248 1.635 2.187 2.238 2.259 2.302 2.367 2.369 2.462 1.623 0.000 0.000 0.004 0.055 0.000 0.226 0.258 0.218 0.145 1.382 2.993 2.946 2.904 2.865 2.828 2.792 2.754 3.891 5.613 5.511 5.436 4.417 4.325 5.029 5.488 6.711 8.215 9.687 10.753 14.174 17.100 20.591 30.294 32.142 21.289 28.771 42.819 59.326 41.273 33.340 41.577 60.823 41.300 27.176 20.682 16.477 13.922 12.918 10.077 15.460 22.538 48.797 69.477 69.489 79.254
4.192 1.938 2.459 1.990 2.008 2.574 2.555 2.964 4.061 2.039 1.953 1.971 2.005 2.485 3.148 4.252 5.153 5.167 4.312 2.138 0.000 0.001 0.332 0.000 0.729 0.794 0.143 1.100 1.954 1.968 2.878 2.829 2.780 2.731 3.306 4.459 5.534 5.593 5.504 5.401 5.285 5.155 7.171 8.451 9.902 13.504 15.533 21.111 33.377 46.404 53.183 53.419 35.965 48.764 56.827 67.258 61.707 55.085 43.792 48.317 33.192 19.847 17.630 16.953 25.246 22.889 10.792 12.725 19.128 28.682 34.958 70.285 80.833
6.727 4.400 3.707 4.035 4.383 4.040 4.976 8.932 4.920 6.102 4.251 4.501 4.545 4.836 7.485 4.935 5.057 5.471 7.597 2.950 0.000 0.000 0.250 0.000 1.562 2.254 0.145 0.031 0.865 1.740 2.318 2.796 2.735 2.673 3.596 4.525 5.572 5.481 5.379 5.264 5.137 6.634 9.278 11.416 21.316 29.449 27.392 25.427 33.202 49.691 56.735 55.116 56.557 58.071 57.369 63.202 61.673 49.882 37.918 31.153 27.447 34.759 27.021 19.432 34.902 50.941 20.581 14.010 14.929 19.519 33.479 62.021 69.223
4.999 4.202 4.607 6.294 9.222 10.081 8.892 5.765 4.031 3.904 3.933 3.974 4.945 4.883 5.287 4.659 4.820 5.651 2.456 3.379 3.578 1.117 0.000 0.000 0.000 2.076 0.056 0.002 0.007 0.889 1.818 2.742 2.694 2.619 3.561 4.447 5.482 5.379 5.265 5.140 5.658 9.016 12.298 16.785 30.717 48.191 51.388 45.769 50.973 53.592 43.188 42.722 51.937 44.994 42.594 56.670 70.112 64.071 53.967 39.211 54.843 61.624 30.803 22.652 39.149 52.915 30.481 15.357 17.012 20.027 23.122 52.217 65.563
6.761 7.423 11.618 10.515 9.354 9.116 6.150 5.868 7.171 8.820 7.307 5.884 7.173 9.166 8.603 5.766 6.177 7.234 7.399 13.547 26.417 25.845 15.390 14.158 0.874 0.000 0.000 0.000 0.000 0.877 1.724 1.727 1.936 2.575 2.732 3.547 4.645 5.288 5.164 6.973 9.404 12.281 18.893 31.660 37.522 46.579 45.830 47.316 50.818 44.296 30.792 34.088 46.394 39.253 32.295 45.042 61.904 71.413 66.128 61.361 67.152 52.901 26.328 27.384 42.548 29.221 20.604 15.156 20.136 35.196 26.196 47.716 68.065
9.943 25.865 49.840 30.558 26.449 31.732 32.030 26.942 28.859 26.043 33.226 28.298 17.221 13.957 16.107 28.240 30.549 15.593 15.080 22.648 53.182 62.879 55.964 60.498 35.341 21.595 13.890 0.000 0.000 0.604 0.798 0.845 1.615 1.920 2.436 3.316 4.214 5.209 6.200 10.134 10.704 14.450 24.632 45.339 46.622 46.531 33.166 28.967 29.785 33.632 23.107 36.013 50.529 35.899 25.641 30.828 43.040 55.129 61.713 67.825 50.934 34.071 26.147 39.109 52.640 45.450 21.219 20.796 36.013 50.988 47.493 42.826 63.439
7.866 11.158 16.544 15.393 16.064 25.879 36.259 37.194 52.074 70.232 78.698 76.194 39.900 21.018 32.428 57.952 33.779 24.370 24.372 32.296 56.477 63.394 48.274 51.037 36.913 33.492 40.584 14.127 0.000 0.000 0.354 0.690 0.724 1.485 2.393 3.345 4.775 6.445 10.343 10.718 10.608 14.084 19.715 38.453 34.806 32.947 22.665 16.661 24.415 31.319 19.842 31.546 40.923 24.181 19.873 30.310 42.651 42.929 61.362 74.072 54.890 31.934 28.467 45.807 52.745 33.582 23.427 26.650 57.502 77.973 63.852 56.500 84.437
18.260 13.142 14.988 18.317 17.719 19.866 21.837 40.824 70.217 81.267 82.635 76.342 66.630 48.008 61.859 47.862 29.817 27.065 40.825 56.046 61.886 56.154 37.038 26.597 22.151 16.501 21.998 29.652 20.695 6.718 0.000 0.000 0.572 1.420 1.949 3.044 5.069 8.593 9.173 10.578 11.159 15.214 15.594 24.391 18.254 12.516 11.316 12.616 22.926 23.976 14.256 22.179 26.433 17.441 18.802 37.077 43.017 33.973 53.345 56.013 63.189 52.781 38.061 49.878 55.254 46.117 26.758 25.418 46.095 69.231 78.235 59.628 85.878
52.815 38.127 31.063 44.062 45.745 24.853 33.155 32.892 65.626 67.447 82.246 92.304 87.981 82.080 78.579 60.451 43.214 48.350 54.338 44.586 33.526 27.724 21.091 18.296 18.486 12.073 10.967 12.242 10.299 12.957 5.363 0.000 0.384 0.893 1.370 2.656 5.058 4.937 6.770 8.967 10.348 10.581 9.390 7.834 7.286 7.027 6.909 7.632 8.726 9.332 8.099 12.869 13.461 12.727 18.536 29.530 36.149 26.493 29.913 38.139 56.402 55.262 59.479 55.063 51.536 51.286 29.003 27.469 45.462 66.124 82.753 65.209 84.104
34.461 58.754 71.699 75.629 63.932 35.579 69.721 51.998 45.752 59.473 81.361 84.708 93.215 87.452 84.730 75.689 60.101 54.154 34.919 29.195 26.314 23.542 24.921 32.759 32.275 18.219 10.229 5.232 4.228 3.587 2.071 0.000 0.000 0.619 1.358 2.313 4.004 4.891 5.240 5.860 8.260 8.801 5.824 4.053 3.425 3.401 3.493 4.798 7.256 7.999 7.693 7.381 7.087 11.100 20.527 34.749 27.695 25.117 43.695 51.219 39.459 43.907 44.511 49.063 48.652 32.438 31.082 30.514 51.193 79.160 86.425 72.136 88.305
15.039 49.092 69.777 79.346 66.579 50.125 63.476 78.473 71.855 65.795 64.471 76.637 86.801 77.686 67.041 54.427 51.445 39.675 45.007 53.021 50.788 50.036 47.915 55.015 35.115 18.706 13.225 9.272 5.387 4.522 5.440 4.965 0.000 0.000 0.951 2.187 2.062 2.039 2.046 3.181 5.271 5.036 3.891 3.622 3.344 3.366 4.467 4.853 7.015 7.872 7.562 7.253 7.430 10.000 13.185 17.704 19.428 26.097 38.912 33.994 32.671 35.926 34.217 48.616 54.042 36.825 53.796 43.044 47.529 78.032 90.332 83.689 94.453
6.380 16.872 35.397 71.225 79.447 77.162 71.191 80.336 85.336 86.433 82.967 85.979 89.170 82.691 75.903 72.845 71.629 51.355 67.763 71.334 70.267 74.823 68.862 49.703 32.716 34.843 31.461 25.211 9.435 5.042 7.297 6.997 2.098 0.000 0.034 2.116 2.092 1.954 1.796 1.669 3.089 3.055 3.705 3.988 4.895 6.402 7.649 7.207 7.101 7.752 8.567 10.906 11.870 12.197 12.119 11.776 12.006 16.442 20.275 22.693 26.878 29.290 38.278 43.904 58.826 51.617 74.004 80.218 83.290 81.199 91.485 94.748 95.227
4.954 7.866 19.920 52.217 54.936 69.690 81.927 85.978 89.955 86.668 90.968 91.396 91.283 92.759 91.775 87.342 70.231 70.751 81.335 74.951 56.671 66.123 74.840 63.191 55.796 45.927 34.653 19.645 9.555 7.654 9.094 8.608 4.503 0.060 0.000 1.387 1.859 1.869 1.876 1.696 1.528 1.358 11.259 17.093 13.898 14.664 12.019 11.987 9.245 11.471 16.911 25.617 26.076 16.980 11.988 12.761 15.769 16.913 16.952 20.838 23.790 25.988 28.904 37.176 53.056 73.833 87.127 92.718 91.987 90.872 97.204 101.013 93.899
12.241 6.343 8.056 17.931 30.889 68.069 83.023 85.371 77.263 75.072 80.616 74.199 71.949 81.609 91.478 89.149 75.151 82.116 81.643 68.523 49.068 45.386 63.620 67.909 50.744 27.156 18.137 10.379 8.861 10.628 18.511 28.355 17.927 1.267 0.000 0.218 0.350 1.094 1.063 1.848 1.619 1.470 7.874 28.955 36.022 39.759 29.493 36.004 31.167 24.837 37.493 43.344 45.940 27.910 16.564 22.554 32.069 25.059 20.765 21.947 23.076 30.211 41.854 39.253 36.641 65.164 78.485 75.723 75.330 86.051 95.210 102.866 95.558
27.394 8.304 5.996 10.450 19.905 44.412 78.731 78.844 47.332 60.254 55.682 68.687 83.880 92.871 100.763 98.936 91.400 95.597 86.136 72.310 51.348 33.301 29.720 36.934 33.837 17.649 13.402 8.938 11.059 20.219 34.930 23.299 6.976 1.299 1.659 0.000 0.117 0.252 1.018 1.086 1.035 1.345 2.389 9.972 25.327 48.419 50.720 38.468 42.725 43.911 45.932 57.739 55.100 36.926 20.037 25.903 42.184 39.921 24.143 34.182 26.037 37.919 62.299 69.605 56.189 44.450 58.428 76.784 80.416 91.616 94.683 95.016 90.895
49.392 14.802 9.553 11.163 11.345 22.928 52.743 44.910 31.511 52.875 73.365 81.872 88.735 92.468 92.890 96.892 97.867 92.374 90.186 83.641 74.081 55.477 34.929 19.488 14.066 12.954 13.184 11.651 13.445 22.702 35.124 18.169 5.156 0.618 1.378 0.432 0.000 0.000 0.181 0.000 0.000 0.000 0.575 5.505 13.607 29.207 38.484 21.609 26.213 38.222 52.278 40.980 54.327 46.449 29.086 26.488 32.045 47.548 43.316 49.052 31.263 39.452 68.478 81.971 77.392 54.830 76.036 88.909 94.570 93.747 93.682 87.273 81.061
53.347 18.347 12.886 30.454 18.882 10.881 17.469 21.499 40.232 64.798 54.319 55.205 62.337 67.908 78.248 92.849 95.823 86.899 69.250 77.076 79.267 77.024 56.998 26.959 17.379 24.050 26.793 19.404 19.045 22.111 37.876 45.156 32.410 9.886 2.018 0.000 0.000 0.000 0.000 0.000 0.266 0.000 0.000 0.376 15.022 33.073 18.219 14.273 22.389 39.222 31.963 29.139 50.852 56.499 49.862 46.119 48.372 52.881 66.875 66.886 48.505 47.020 52.792 77.863 93.491 67.266 67.009 83.340 96.399 95.005 88.038 87.118 64.054
