inst/extdata/altitude_above_channel_network_rotated.asc
NCOLS 340
NROWS 316
XLLCORNER 528502.529920
YLLCORNER 274871.653426
CELLSIZE 100.000000
NODATA_VALUE -99999.000000
[rows 64 to 95 of 316, columns 219 to 291 of 340]
38.935 41.883 43.253 45.255 44.631 44.990 44.703 45.611 45.563 50.032 63.436 83.457 86.185 76.110 66.513 63.255 57.736 47.387 47.637 40.169 35.732 34.744 34.392 34.699 41.576 43.051 40.623 33.996 31.352 35.555 48.289 51.659 35.770 23.669 13.277 10.313 9.603 11.009 15.415 16.694 18.461 25.772 44.317 48.675 44.744 29.705 19.748 18.406 19.969 23.608 28.668 31.500 29.168 30.955 24.544 21.089 20.683 20.028 21.007 23.278 25.842 33.896 40.445 45.605 44.849 45.391 42.633 33.277 25.794 19.105 17.700 13.897 9.311
44.303 46.660 45.901 46.356 44.525 44.729 44.768 44.433 45.754 51.922 70.976 90.428 84.207 73.535 65.162 60.827 54.882 48.197 39.181 35.697 34.909 34.556 34.205 33.858 33.549 34.359 36.395 37.129 30.103 35.651 49.268 49.242 33.292 16.037 5.118 5.211 9.191 13.002 16.523 17.125 19.481 30.638 44.356 52.285 49.964 42.905 27.367 24.614 37.175 40.043 43.931 41.771 44.095 36.796 28.588 24.022 23.002 24.768 26.372 34.624 31.122 38.164 43.597 40.075 38.413 39.375 39.093 34.710 27.448 21.257 14.020 11.925 8.926
54.405 54.052 52.214 45.101 45.224 44.892 45.817 45.379 46.847 56.164 77.328 90.650 80.181 69.531 60.950 53.649 45.448 40.666 36.175 35.070 34.718 34.367 34.017 33.668 33.320 34.493 41.911 36.753 26.921 36.037 48.868 49.064 28.829 9.381 4.778 5.461 13.006 13.187 13.846 15.648 19.088 30.064 42.497 46.748 50.837 48.317 42.168 40.262 49.301 46.036 48.830 52.454 45.652 40.486 34.388 32.200 28.873 32.330 31.380 39.003 36.317 43.131 45.301 41.323 36.892 35.292 30.646 28.667 23.808 17.352 12.451 8.435 7.553
48.041 43.687 44.790 43.219 42.345 42.928 42.988 44.666 53.562 64.657 81.790 82.883 73.615 64.817 57.329 49.121 39.154 35.226 35.709 43.661 39.444 35.206 33.831 34.198 33.178 32.777 31.866 29.843 24.290 40.838 49.521 44.419 12.975 4.460 4.345 4.953 9.388 11.364 11.546 15.067 19.285 31.723 38.871 36.254 45.973 49.051 46.120 45.270 49.715 54.315 55.934 54.222 49.902 47.396 43.716 40.124 33.260 34.466 37.392 43.867 43.051 45.990 44.342 41.343 38.438 33.483 27.941 21.376 16.842 12.304 8.755 7.060 5.751
36.269 35.215 37.908 36.860 37.789 40.406 41.081 43.605 55.618 72.250 84.163 76.885 64.019 60.973 53.278 46.603 38.330 33.766 37.853 45.300 47.706 42.610 41.733 46.014 47.251 41.285 33.974 26.376 19.051 23.225 39.338 34.355 6.038 3.891 5.482 3.845 6.566 8.315 11.734 14.530 19.359 32.997 32.821 35.905 44.983 48.029 44.413 46.369 49.168 52.122 54.973 55.943 57.353 51.696 46.563 40.865 35.394 39.849 44.692 47.981 47.415 42.802 36.909 36.904 35.271 35.027 29.717 19.665 11.156 8.946 7.582 6.423 5.067
29.618 30.674 31.719 35.972 36.944 37.944 39.614 44.093 57.803 73.873 72.164 66.017 54.941 45.807 46.305 52.495 37.235 32.411 34.419 44.650 49.870 43.818 55.834 54.785 49.431 43.490 32.321 25.760 23.584 13.096 16.982 13.954 6.056 6.157 3.986 3.176 5.558 6.941 13.731 22.140 26.176 30.843 27.019 31.333 34.779 41.110 43.779 48.278 52.660 53.586 54.658 55.267 55.237 55.737 49.999 42.506 38.676 43.851 47.951 45.305 38.741 35.028 30.205 27.897 27.031 29.474 25.101 15.418 10.452 7.820 7.031 6.575 6.636
34.558 34.474 33.600 35.935 37.460 37.293 39.057 47.372 62.338 60.575 57.965 52.057 42.372 38.230 38.551 40.485 34.491 32.211 34.366 45.223 51.219 51.562 56.701 55.954 50.810 49.877 42.402 40.943 36.652 21.649 12.374 8.629 5.588 2.834 0.000 3.187 6.000 7.108 12.318 16.627 20.023 24.423 32.339 39.670 41.131 44.145 52.267 55.058 54.951 55.387 54.388 52.386 48.323 48.539 45.777 47.396 48.628 45.003 42.520 40.970 30.251 26.131 25.669 24.972 25.227 24.751 18.441 12.263 11.385 9.236 7.906 10.047 11.306
36.457 36.095 35.872 36.079 36.635 40.722 49.640 55.389 58.400 46.804 42.562 36.984 34.760 33.340 33.415 34.234 32.337 32.330 40.765 48.539 53.672 54.472 56.786 58.423 57.722 56.590 52.394 50.851 39.976 26.456 16.501 8.241 4.492 0.000 4.868 4.661 7.162 11.341 17.362 17.291 24.525 32.711 39.822 48.897 49.430 54.556 56.418 55.389 54.881 54.706 51.805 49.560 44.092 39.884 39.065 40.717 43.220 43.125 37.811 34.707 29.574 28.169 30.071 28.858 21.657 22.936 16.202 15.483 14.528 12.425 10.426 10.514 14.185
36.617 39.006 37.954 38.753 38.881 45.920 57.141 60.724 52.560 43.280 33.856 31.197 31.364 32.277 31.947 32.451 33.440 37.232 45.396 51.280 54.662 56.220 56.072 56.255 54.399 54.031 56.198 49.089 42.909 38.712 25.714 9.317 9.071 3.829 0.000 5.333 6.459 15.414 19.659 20.776 30.235 40.100 44.870 51.184 53.737 54.592 51.713 53.472 54.641 53.702 51.707 48.448 44.315 36.820 35.681 35.865 36.056 36.261 36.473 38.207 37.631 37.113 39.861 38.094 28.600 21.937 22.942 21.945 18.734 14.509 11.681 11.564 13.142
36.457 39.687 40.767 40.437 41.487 46.047 55.580 57.546 48.536 38.182 30.694 30.754 39.122 41.018 36.842 37.924 35.652 44.755 50.650 51.625 53.288 55.087 53.519 47.862 42.953 44.082 47.596 46.496 39.649 32.157 16.719 12.999 15.169 1.554 0.000 2.420 6.563 14.161 18.626 22.847 29.522 32.839 39.454 44.123 49.872 48.993 47.850 51.895 54.260 52.536 51.006 42.521 36.332 35.599 35.776 35.957 36.150 36.353 36.569 38.940 43.642 45.212 44.708 42.350 35.394 25.691 23.887 25.683 24.028 16.811 12.134 10.689 11.520
40.386 39.878 41.440 42.821 44.961 52.843 56.837 53.215 45.228 37.198 29.826 31.334 44.783 48.722 38.203 42.533 42.282 48.777 51.715 55.515 55.023 53.046 51.141 48.245 42.426 35.764 38.198 43.399 40.439 21.483 13.912 11.900 2.107 0.000 0.289 3.452 9.113 11.296 13.758 18.137 20.782 26.475 29.231 33.764 40.806 45.301 45.602 45.800 47.069 49.478 48.561 41.708 35.842 35.680 35.858 36.040 36.239 36.445 38.272 43.555 50.127 53.066 51.862 48.983 38.388 31.786 33.405 31.666 28.526 19.927 15.939 12.505 9.875
42.056 41.661 41.454 45.445 57.246 61.527 62.521 53.199 41.723 34.736 28.829 25.304 38.103 43.137 33.604 35.005 42.057 47.027 53.213 56.991 56.247 55.407 51.937 45.716 37.710 32.839 29.113 28.345 31.099 14.923 9.039 10.158 3.649 0.000 4.173 5.692 10.125 13.990 18.758 28.997 36.681 39.929 41.653 43.235 42.228 45.085 42.787 38.377 42.697 48.428 49.682 42.231 35.585 35.755 35.933 36.118 36.315 36.522 41.599 49.223 54.855 56.275 55.381 51.393 37.240 33.851 40.584 37.079 29.736 23.494 21.615 15.968 14.526
44.508 43.056 45.810 48.431 56.611 64.551 64.002 54.069 40.422 32.395 26.771 22.372 25.641 27.698 24.964 31.067 37.295 48.235 53.652 56.412 55.570 58.402 57.662 51.288 50.457 48.138 39.283 27.533 14.695 10.497 7.901 5.517 0.000 0.374 1.537 6.332 8.576 12.699 16.277 24.311 35.695 43.446 48.896 51.396 49.108 38.884 39.176 34.136 38.405 45.356 47.490 46.988 35.652 35.822 35.999 36.189 36.387 36.594 43.958 51.563 54.476 55.047 53.745 48.459 36.739 32.504 37.591 37.672 28.225 25.531 22.288 18.138 13.442
48.633 50.714 56.129 59.969 58.347 60.133 61.911 55.593 41.222 31.413 25.149 22.283 20.570 21.211 21.506 28.695 37.883 48.597 46.371 47.879 55.005 53.983 55.277 57.224 56.590 54.795 48.109 38.395 24.347 12.864 10.141 2.707 0.000 0.176 0.353 4.946 7.955 13.372 22.161 32.446 29.481 38.457 47.522 56.108 48.836 38.469 30.608 29.336 30.803 36.762 42.964 45.110 37.433 35.882 36.059 36.247 36.956 41.842 43.148 47.134 45.778 50.082 52.743 49.570 43.184 36.723 32.227 30.193 26.753 28.915 27.490 20.936 16.766
53.113 50.917 56.043 61.392 61.476 58.727 55.927 57.231 48.823 34.716 24.078 21.032 18.145 18.188 19.444 24.921 31.165 36.590 35.039 48.382 56.473 55.043 49.916 47.958 46.315 44.755 45.158 46.657 35.984 21.643 10.139 0.278 0.000 4.014 0.481 5.134 10.914 16.704 33.121 41.941 44.750 43.429 46.149 55.409 50.322 41.670 33.294 28.870 29.012 30.815 33.393 36.117 37.487 35.934 36.110 42.198 47.445 44.701 41.558 42.806 40.673 45.859 51.633 47.466 44.574 35.249 27.678 25.282 30.648 32.558 31.450 23.683 21.298
45.120 43.347 47.294 57.471 62.650 61.173 52.023 52.615 49.263 36.694 23.984 19.442 17.315 16.948 16.985 19.496 23.133 27.349 40.222 43.980 50.994 55.235 52.994 47.216 41.487 35.325 35.418 39.439 41.519 31.225 12.412 0.000 0.161 2.002 1.351 5.227 12.143 20.203 31.801 39.558 47.542 52.544 54.556 54.239 53.795 48.976 42.054 33.310 29.078 29.796 37.369 40.058 36.824 43.729 45.363 49.328 46.883 43.230 42.159 39.118 39.118 46.208 50.567 43.294 34.459 26.410 22.657 22.658 29.222 44.070 39.459 35.711 30.943
39.697 38.498 40.815 45.679 55.071 57.394 52.330 41.765 42.053 39.262 23.952 17.313 17.497 14.915 14.174 17.323 18.274 20.694 23.936 40.133 50.093 53.093 55.056 53.036 45.046 43.075 34.271 22.814 30.356 31.146 12.320 0.000 0.184 0.344 4.711 10.482 14.165 26.036 38.557 45.461 48.168 49.053 48.906 52.560 51.506 48.548 43.236 40.104 31.782 29.274 36.100 33.693 28.723 38.234 46.945 49.957 44.822 44.079 42.118 36.990 40.533 47.998 51.632 46.526 40.458 27.236 21.911 21.301 25.134 38.341 45.870 41.231 33.231
35.967 35.143 37.821 38.811 47.305 53.954 51.673 44.614 35.225 29.092 22.147 16.356 16.366 15.447 12.534 14.079 15.161 17.575 27.457 43.471 51.261 46.434 51.290 55.205 54.212 52.908 44.220 29.048 16.042 15.218 11.100 6.534 0.000 0.360 5.562 16.375 29.885 24.735 25.955 33.173 35.342 38.626 43.408 49.520 45.925 40.975 37.982 39.249 33.957 28.350 28.476 25.651 27.314 40.629 43.105 44.525 46.518 46.775 40.596 36.471 44.848 49.948 50.439 45.760 39.560 24.627 19.242 20.552 23.876 38.794 43.524 39.196 24.857
33.074 32.446 34.534 35.160 42.035 49.459 50.886 44.989 35.193 26.216 19.369 16.441 13.560 14.262 10.370 12.033 13.841 16.473 25.933 42.947 47.625 40.443 48.854 48.804 58.156 54.007 44.172 41.598 31.820 12.304 8.392 6.976 3.026 0.000 18.007 38.294 41.864 45.111 33.692 32.578 38.254 40.615 44.662 46.510 42.501 38.227 36.191 37.975 41.810 33.790 29.377 24.673 24.809 31.484 44.905 46.000 50.891 48.258 42.551 33.729 39.332 45.158 44.196 37.916 32.745 18.543 18.789 22.851 29.559 36.901 33.365 27.219 14.351
28.392 30.440 33.120 34.093 36.738 40.106 47.979 43.959 33.709 24.816 18.616 15.608 12.528 9.055 8.544 10.176 14.990 19.050 33.398 44.609 39.523 38.121 37.718 43.172 52.070 49.897 46.556 46.418 34.497 11.058 5.511 3.594 0.000 16.114 27.978 36.520 48.755 55.140 42.232 43.170 41.728 45.750 47.371 47.681 45.915 44.285 39.243 34.062 32.694 33.409 36.262 24.695 25.039 39.547 47.251 52.482 52.450 47.977 39.762 29.264 35.193 43.477 40.764 29.393 22.564 17.674 24.203 32.390 34.464 25.383 16.365 11.045 7.179
31.076 30.592 32.485 39.105 38.911 40.204 47.672 47.757 37.750 33.401 22.203 12.279 9.530 7.654 6.827 7.469 12.454 16.560 28.411 43.614 35.460 29.989 31.002 42.711 45.216 42.792 41.971 42.227 30.050 8.083 4.973 0.000 8.394 38.562 45.536 47.671 53.230 56.956 52.137 51.958 49.943 49.783 50.812 51.513 51.848 52.509 45.389 43.980 38.374 32.834 27.511 22.819 21.851 32.268 34.373 42.548 49.863 44.450 35.847 26.494 32.690 42.203 43.311 32.862 16.935 22.499 28.374 28.219 21.962 13.733 9.267 6.049 4.579
37.670 35.655 36.003 36.142 38.022 40.141 43.887 53.920 45.066 29.733 17.523 10.538 7.487 5.857 5.269 5.662 8.281 12.946 27.389 43.159 36.455 21.480 30.456 39.048 44.231 37.681 37.008 25.564 24.814 4.570 0.000 2.257 23.734 39.557 51.206 54.583 52.320 53.954 51.095 49.813 45.838 51.732 51.167 51.036 49.329 49.619 51.559 46.980 43.254 38.295 28.954 20.155 19.521 24.474 31.438 35.595 42.437 39.323 34.924 25.668 32.323 37.626 36.776 23.921 13.018 15.998 19.251 16.827 11.464 8.290 5.292 4.225 2.890
46.869 44.445 42.200 40.731 39.289 38.698 41.638 49.474 49.082 33.756 18.780 15.541 11.689 5.196 0.000 4.790 8.843 10.331 14.558 30.728 36.099 20.090 32.689 42.639 39.018 29.366 36.905 27.878 4.205 0.000 1.117 16.015 42.293 49.896 48.861 47.447 50.879 45.296 43.291 42.710 42.902 49.837 49.275 47.678 47.418 46.295 46.692 42.971 38.373 34.832 25.830 18.690 18.367 23.443 32.124 31.521 36.008 36.774 28.960 22.102 29.109 34.415 26.100 14.229 10.733 10.840 11.352 9.991 5.636 4.332 4.166 3.154 0.510
57.176 53.855 48.120 44.268 41.307 39.495 40.556 44.056 46.081 35.530 25.260 26.226 28.541 11.222 0.000 4.683 17.726 20.436 13.140 16.328 25.484 19.318 35.246 45.864 42.554 26.971 13.528 10.953 0.000 2.174 4.347 17.988 37.455 37.217 36.797 32.643 37.063 33.061 36.038 35.946 40.442 44.405 47.744 45.070 44.204 41.227 39.590 37.435 33.192 28.996 24.299 21.005 18.171 24.422 30.975 31.440 32.880 30.097 23.520 21.105 29.186 32.119 20.171 12.958 10.989 7.713 7.304 6.116 2.778 1.716 2.199 0.915 0.000
65.064 58.619 51.806 46.946 44.684 41.387 42.101 42.150 43.568 38.177 37.224 39.001 31.669 21.548 2.902 0.000 23.969 32.499 23.662 14.565 13.696 24.335 38.090 44.640 37.051 28.959 12.114 1.787 0.000 3.003 1.819 6.214 13.894 15.097 19.432 19.903 23.268 25.900 28.288 31.984 35.553 41.104 44.993 43.442 39.809 38.516 36.303 33.622 30.713 26.809 24.403 19.579 18.115 26.939 27.598 22.306 17.308 17.446 27.029 21.000 21.512 20.218 14.621 11.557 10.365 8.056 4.871 3.980 1.728 0.000 0.042 0.000 0.652
68.546 62.508 54.193 50.059 47.053 45.131 48.769 49.302 45.433 36.595 34.265 39.062 33.202 14.088 0.000 9.892 31.334 39.494 29.830 23.621 14.191 15.692 24.138 33.849 35.733 17.209 5.457 0.000 0.000 0.000 4.065 4.834 11.762 13.309 21.053 26.583 36.332 40.323 41.085 42.201 38.774 44.191 50.361 47.201 44.892 42.853 43.493 38.604 33.747 29.282 23.323 18.056 21.261 27.831 23.097 14.679 16.249 24.630 31.029 20.975 12.697 13.571 12.970 11.029 9.265 5.889 4.784 4.186 4.838 0.000 0.767 1.320 1.026
70.423 64.844 58.689 53.287 50.965 51.698 54.274 55.716 49.780 42.148 30.194 25.756 24.190 7.587 0.000 18.833 38.084 43.819 41.287 37.515 23.626 14.867 10.725 16.791 28.110 13.082 0.000 0.000 1.157 6.254 30.034 16.891 41.720 33.632 39.182 27.895 31.036 39.942 44.563 48.630 46.519 50.955 55.445 53.478 48.863 46.087 47.051 42.715 36.957 29.420 24.265 19.496 17.957 26.029 19.186 12.449 14.379 22.106 24.241 17.566 11.119 11.391 12.182 11.096 7.531 4.427 4.627 6.412 2.413 3.776 5.949 3.621 0.913
71.673 61.895 58.695 55.080 51.658 49.327 49.242 54.730 54.257 45.674 35.095 20.199 13.449 0.000 7.521 35.111 40.754 47.927 48.971 46.187 41.880 30.604 18.085 4.639 6.407 0.840 0.000 1.327 8.063 30.224 45.648 34.856 43.699 47.279 48.377 43.203 39.715 36.393 46.187 51.180 51.336 53.113 55.416 52.243 48.612 47.981 48.030 44.385 37.148 30.168 29.815 25.461 13.170 18.616 21.110 13.898 11.823 20.079 19.372 12.480 8.182 10.793 14.282 14.975 9.559 3.277 4.049 8.235 8.011 8.857 10.373 6.781 2.982
73.125 66.071 59.977 56.414 51.630 44.262 38.238 41.376 48.713 46.944 40.724 26.510 11.295 0.000 16.987 31.535 40.334 47.622 48.430 47.062 41.860 38.128 35.100 18.622 1.752 0.000 0.000 1.170 10.719 28.114 46.452 52.868 44.658 54.363 57.988 54.675 49.316 48.251 46.503 52.076 53.674 53.094 53.672 51.615 48.450 45.066 47.160 42.900 36.575 30.713 30.023 26.674 18.415 12.914 11.554 12.465 11.354 23.759 23.390 13.484 6.656 14.717 16.659 16.392 10.886 3.495 3.409 4.609 6.943 10.105 10.772 6.088 4.055
71.506 63.836 55.583 52.586 48.545 45.638 40.193 33.622 36.964 40.868 39.808 29.613 5.641 0.000 22.172 32.837 35.430 41.315 45.461 37.897 37.461 35.353 34.851 25.749 0.889 0.000 2.676 5.970 18.050 39.322 45.403 55.869 57.035 60.678 63.476 60.681 58.086 54.264 53.709 53.936 54.310 54.146 53.031 50.373 47.288 42.203 44.455 41.143 35.223 30.933 29.530 25.562 19.711 17.714 6.471 5.726 4.684 13.890 21.136 10.603 6.143 20.139 19.705 14.397 7.479 4.748 2.335 2.363 6.080 8.516 6.967 5.473 12.744
71.400 63.976 56.126 52.599 50.795 48.714 40.777 33.454 26.050 23.847 29.539 35.101 12.646 0.000 6.097 20.127 33.781 44.346 42.410 38.021 31.999 29.561 22.957 8.986 1.309 0.000 5.444 6.476 14.588 43.477 53.421 57.124 61.104 66.749 62.962 62.729 57.754 55.301 55.504 55.610 54.302 53.408 53.305 50.988 47.435 43.502 38.277 36.056 31.906 32.004 30.208 23.851 17.705 12.238 11.497 5.463 0.000 6.104 11.966 3.590 6.511 18.926 20.791 16.108 7.216 2.753 1.543 2.249 2.943 6.094 6.333 11.280 26.574
68.483 62.127 60.901 60.326 59.913 56.112 49.215 40.227 30.640 24.183 14.691 20.890 9.976 0.000 16.329 39.171 44.612 46.521 40.520 31.255 27.543 29.565 10.651 2.616 0.000 0.000 2.776 6.724 14.051 37.110 45.576 43.905 55.780 59.597 58.750 57.773 51.612 48.452 51.568 54.026 52.391 52.271 52.411 49.889 42.571 37.184 33.275 30.711 31.738 33.703 36.803 35.083 25.485 27.071 27.592 14.731 3.567 0.000 1.040 1.974 4.137 12.615 21.669 22.893 4.071 1.162 1.314 3.159 6.880 7.789 10.536 10.543 14.180
