inst/extdata/altitude_above_channel_network_rotated.asc
NCOLS 340
NROWS 316
XLLCORNER 528502.529920
YLLCORNER 274871.653426
CELLSIZE 100.000000
NODATA_VALUE -99999.000000
[rows 0 to 31 of 316, columns 146 to 218 of 340]
31.972 17.379 35.872 55.082 42.937 18.188 8.295 6.176 6.864 9.007 12.506 28.101 39.674 34.973 32.090 19.575 13.188 9.471 5.994 7.187 6.811 4.167 4.866 9.738 16.454 14.844 7.770 5.223 5.273 7.370 9.017 8.364 7.721 7.471 21.494 33.331 60.862 59.450 42.656 33.370 27.044 23.602 20.034 11.544 7.300 6.326 0.528 0.000 0.053 0.024 0.015 0.008 0.003 0.001 0.000 0.000 0.000 1.383 1.949 0.779 6.725 16.317 15.498 12.455 9.577 13.238 16.274 13.779 13.578 17.454 14.612 16.778 25.319
39.596 23.753 30.447 48.286 37.532 15.503 7.929 6.361 16.178 12.491 12.330 32.565 39.677 36.546 30.342 25.667 23.570 16.263 10.765 9.848 12.412 10.568 7.666 16.717 44.723 42.883 28.359 18.701 4.880 8.347 9.014 8.370 7.747 9.616 25.788 53.505 69.546 58.843 42.968 33.632 31.747 29.544 29.107 17.509 9.669 6.706 5.071 0.373 0.000 0.030 0.014 0.007 0.000 0.000 0.000 0.288 0.844 1.706 4.078 10.297 13.944 12.259 9.979 5.716 8.021 13.129 16.772 13.780 13.932 24.224 32.906 39.629 43.358
57.155 38.873 33.757 40.047 23.572 14.483 11.059 7.591 18.868 31.711 20.459 27.584 47.795 49.903 39.699 37.733 32.076 21.727 11.599 12.461 25.744 20.869 19.906 35.827 61.631 67.211 57.965 24.376 10.105 10.141 10.196 10.261 9.367 10.735 13.726 23.961 40.891 47.517 36.021 34.634 49.518 48.296 31.371 13.786 11.774 13.128 12.345 2.203 0.161 0.000 0.015 0.005 0.000 0.866 4.046 5.218 8.421 11.370 12.111 7.665 14.081 5.940 3.424 2.639 8.832 11.323 4.977 2.839 10.065 25.841 39.947 43.112 41.488
85.300 65.749 47.204 48.074 36.969 33.140 13.296 8.218 15.494 33.236 48.214 46.978 66.379 64.666 48.241 54.773 42.175 27.205 19.415 14.676 37.028 48.631 49.367 65.116 64.739 41.257 26.420 14.969 11.726 12.840 12.194 12.207 10.891 11.947 12.435 11.829 12.326 15.061 16.683 30.865 56.278 41.606 23.962 16.760 18.645 18.542 10.028 2.280 0.206 0.083 0.000 0.004 0.000 4.638 9.477 10.021 10.136 6.529 5.830 6.402 5.546 4.385 3.392 2.499 2.217 1.902 0.084 2.548 15.063 33.921 37.563 42.746 21.655
87.982 83.802 78.467 71.008 46.884 23.565 13.481 14.992 12.318 22.169 45.646 66.218 81.638 69.933 60.727 60.108 38.757 23.096 33.274 22.583 50.543 76.234 76.728 60.085 40.466 24.792 17.993 14.710 15.084 19.526 17.717 13.738 13.089 12.552 12.418 11.799 11.205 11.024 13.724 14.753 26.265 31.701 24.487 33.926 28.704 16.487 9.702 6.455 1.069 1.489 0.022 0.000 0.000 0.000 0.000 0.068 5.204 2.718 3.678 5.484 5.242 4.269 3.349 2.481 1.668 0.924 0.291 0.000 6.310 12.814 21.209 22.592 6.762
69.141 79.781 83.328 79.859 54.326 30.827 17.562 28.253 26.918 22.898 45.894 70.725 84.952 86.156 70.957 52.166 33.204 33.090 39.596 27.942 46.289 77.308 73.190 48.824 41.722 35.165 32.084 16.858 21.419 52.068 31.956 14.413 13.901 13.020 14.752 13.498 11.249 10.716 12.232 13.328 14.456 16.709 23.402 39.768 35.014 18.767 6.513 6.280 4.304 5.662 0.308 0.000 0.000 0.000 0.000 0.000 0.589 2.158 2.436 3.833 4.967 4.192 4.931 4.850 3.336 2.736 0.907 0.000 0.000 2.645 2.417 1.070 0.000
40.587 61.509 76.337 73.399 67.336 54.987 29.112 35.522 51.236 41.065 57.649 81.398 80.403 68.225 50.143 36.870 33.225 40.057 58.170 37.133 49.727 71.513 69.112 66.183 61.428 58.667 33.382 18.323 26.611 62.876 30.740 17.173 29.376 20.531 17.298 17.809 11.645 10.609 10.648 12.248 13.830 14.368 15.135 18.434 19.083 17.376 13.913 6.424 5.955 0.077 0.000 3.241 1.082 0.000 2.595 0.766 1.495 1.941 0.950 0.655 2.951 5.065 7.890 8.322 6.641 5.196 2.946 1.018 0.000 0.000 1.577 0.953 1.806
42.141 60.705 54.504 53.467 55.544 66.596 53.211 55.320 76.693 79.370 61.742 86.899 78.941 53.530 55.505 49.248 46.669 41.718 69.278 48.077 43.107 56.469 72.534 76.441 74.773 55.208 27.859 36.946 59.699 57.010 27.629 25.017 53.715 38.945 23.907 37.422 23.531 14.707 11.400 12.853 14.728 14.267 11.624 10.412 8.966 8.442 7.308 6.228 5.773 2.202 0.000 4.701 4.293 4.113 3.725 3.099 2.334 1.493 0.663 0.000 2.332 6.554 8.901 8.340 7.543 6.689 4.910 2.669 1.349 0.872 0.807 2.050 10.983
53.013 50.400 34.830 34.355 38.763 62.974 65.839 68.027 74.988 88.264 88.233 89.577 80.646 78.541 80.273 73.781 70.338 51.853 78.218 51.823 56.509 63.457 73.047 75.920 65.757 44.498 35.844 56.246 71.324 55.670 29.684 51.746 64.879 47.122 29.927 54.345 52.197 27.265 17.550 15.724 14.668 14.126 9.120 7.458 7.021 6.619 6.260 5.954 5.723 2.408 0.000 1.740 2.575 3.209 2.796 2.290 1.696 1.032 0.334 1.452 3.857 6.915 8.731 8.269 7.467 6.678 5.889 4.455 2.882 2.325 2.059 7.527 26.519
33.656 32.315 25.687 38.673 51.552 51.973 42.278 47.314 71.174 84.657 84.763 86.574 88.909 88.189 91.526 90.050 84.782 66.582 74.122 63.542 77.932 81.705 78.730 69.028 52.580 48.896 55.257 71.093 71.216 53.756 38.804 46.940 67.376 52.722 46.220 48.470 61.803 44.122 22.217 19.260 18.113 14.247 13.084 10.396 7.915 6.387 5.984 5.615 5.283 3.447 0.895 0.000 0.694 2.203 1.947 1.601 1.157 3.768 1.681 2.144 4.534 3.909 7.074 8.213 7.410 6.611 6.849 9.268 10.078 8.906 4.547 17.044 38.728
18.578 24.620 32.245 51.223 50.132 31.574 43.957 70.783 80.890 83.160 77.603 78.829 82.580 78.145 77.267 84.225 89.200 85.675 84.038 81.782 81.017 82.284 80.524 71.316 66.222 63.652 75.578 77.858 76.305 58.769 64.690 62.879 64.938 59.086 62.705 64.446 66.521 53.119 27.563 29.463 27.602 18.080 13.319 12.799 11.171 8.962 7.522 7.673 5.813 6.170 6.815 4.070 0.000 1.187 1.211 1.027 0.717 5.888 5.477 4.904 4.459 4.261 5.656 8.183 7.381 6.585 9.142 16.096 32.370 40.039 30.981 31.958 32.453
37.192 45.967 38.995 46.954 41.665 30.887 64.890 76.324 76.399 77.595 78.184 63.445 64.830 55.149 69.384 83.135 82.564 89.791 85.358 83.266 76.634 77.965 75.078 66.994 72.764 72.888 73.567 72.801 76.151 68.648 75.072 73.614 73.004 70.384 72.094 71.986 63.199 50.576 34.488 50.425 47.339 25.300 17.139 16.486 16.049 11.266 10.511 10.563 8.160 9.122 8.730 5.858 0.000 0.539 0.640 1.561 3.486 6.046 5.633 5.098 4.448 5.501 7.204 7.969 7.376 6.593 6.060 6.946 8.511 11.555 8.679 9.482 14.329
36.527 56.387 59.458 49.359 33.371 27.394 56.506 52.118 67.430 79.143 77.976 64.411 48.069 51.841 75.498 69.552 69.742 81.412 77.951 69.341 72.502 70.455 77.472 60.781 60.734 71.852 62.884 65.751 77.584 81.844 76.200 74.654 74.026 77.507 78.837 72.938 59.730 53.515 55.014 62.296 61.954 42.788 30.217 25.681 19.028 11.684 10.763 10.343 9.687 9.034 8.263 2.575 0.765 0.000 0.415 3.979 6.125 5.594 4.908 5.009 4.541 5.497 6.757 7.396 7.375 6.615 5.898 5.196 4.465 4.761 4.145 2.468 1.512
52.996 58.420 65.535 52.619 38.333 18.176 31.097 52.767 62.046 79.464 78.311 77.819 57.369 39.063 58.530 50.914 71.756 79.186 75.137 56.628 58.561 65.987 76.885 62.868 48.154 61.174 47.089 66.869 68.395 75.007 74.675 63.700 70.033 72.344 78.434 76.224 70.975 71.457 69.352 71.810 68.761 51.947 38.276 24.749 16.853 12.743 12.236 12.922 11.241 8.741 8.024 2.581 1.924 0.395 0.000 0.000 0.685 0.100 0.000 0.000 4.109 5.422 5.427 6.749 7.341 6.611 5.977 5.342 4.098 0.000 0.000 0.000 0.000
47.619 42.778 55.677 49.275 31.641 15.394 24.615 37.303 56.738 83.430 72.691 77.440 59.191 26.724 35.261 63.053 58.524 73.454 67.794 52.616 59.071 61.318 52.419 57.884 33.152 41.085 38.533 50.896 66.444 70.677 69.307 53.523 58.177 65.588 75.777 78.026 77.054 73.023 73.243 75.366 73.871 62.639 46.039 30.972 21.175 15.876 15.801 15.456 14.716 13.951 8.439 7.582 14.228 8.526 0.517 0.045 0.000 0.000 0.000 0.000 2.371 4.137 4.134 5.808 6.761 3.524 1.616 1.486 0.000 3.187 3.917 4.651 2.797
31.768 48.253 60.287 54.158 42.526 11.901 25.991 50.597 74.728 80.894 67.116 47.266 43.885 23.495 43.159 41.949 61.057 75.155 75.874 65.796 44.751 33.210 37.852 51.169 25.390 34.295 55.415 69.080 70.100 59.805 48.416 52.093 68.387 77.918 78.616 77.593 71.509 66.474 67.820 72.186 73.745 63.415 50.848 39.602 26.977 20.471 16.214 15.293 14.721 14.150 9.941 8.771 23.154 28.932 21.642 13.720 1.894 0.000 0.000 0.000 0.000 3.891 0.236 1.936 0.928 0.371 0.000 0.000 1.001 9.282 30.811 26.519 14.480
49.233 64.485 59.314 29.320 30.312 10.889 27.099 52.082 76.518 84.998 78.951 64.159 36.894 19.460 24.238 37.832 54.285 65.919 77.306 72.346 65.491 38.570 22.754 33.463 19.686 34.463 41.885 50.862 39.574 37.072 50.273 63.181 66.495 73.886 74.303 67.128 64.890 58.202 58.222 63.613 68.365 61.168 46.502 41.069 30.177 23.718 19.620 16.736 15.999 14.324 12.932 12.626 17.572 26.975 37.577 34.835 16.023 1.511 0.000 0.000 0.000 0.000 0.000 0.000 0.000 0.000 0.061 0.000 2.576 7.930 33.323 50.252 50.477
61.507 65.396 43.772 23.033 16.769 11.088 23.859 44.291 62.274 78.006 73.978 53.412 39.391 19.588 28.567 59.682 69.278 73.405 72.698 62.026 68.320 48.420 21.335 18.167 18.330 23.410 24.974 25.663 37.777 55.526 54.049 71.528 73.882 72.942 67.928 55.420 56.220 48.407 51.923 61.148 65.402 53.707 46.054 39.763 35.205 28.001 21.394 20.785 21.569 18.683 13.986 12.788 16.500 22.283 41.667 47.471 24.914 6.330 0.000 0.000 0.000 2.398 3.481 5.537 8.527 0.645 0.205 0.205 0.000 1.035 9.633 24.657 40.399
45.651 42.518 40.911 17.909 6.022 13.864 33.687 62.829 80.358 83.063 82.714 75.932 44.861 15.396 27.061 47.443 41.627 53.415 70.791 54.396 47.868 46.388 18.954 19.326 34.793 52.645 51.761 46.773 62.668 66.109 62.034 68.694 73.168 68.898 59.613 47.743 46.439 45.162 55.263 61.461 62.678 59.945 50.393 41.624 36.199 29.830 23.940 23.163 25.583 22.039 13.986 12.584 16.921 18.585 29.332 48.161 34.850 11.993 0.854 0.000 0.966 4.344 8.912 26.165 26.897 11.179 6.749 9.836 4.401 2.559 4.832 19.680 43.533
50.337 23.703 27.535 22.860 6.269 20.947 50.346 72.390 76.969 73.328 60.487 66.008 40.483 12.090 15.386 29.998 53.924 71.140 71.626 62.125 37.005 23.535 12.403 18.555 38.924 62.278 58.737 64.401 68.789 69.442 69.138 72.480 72.545 60.704 61.708 48.277 40.240 41.329 49.104 61.195 67.654 68.722 58.481 47.492 41.427 35.040 27.344 26.294 27.555 24.755 17.529 17.545 14.149 18.086 29.790 51.556 45.744 21.086 8.283 0.000 3.775 4.028 11.005 31.904 29.991 15.586 8.128 15.834 13.448 4.544 3.794 9.510 31.639
52.578 28.255 12.494 8.417 6.543 25.202 59.089 61.372 49.574 51.852 32.261 33.872 22.190 9.932 29.669 58.983 69.314 72.899 65.663 52.184 30.361 13.220 12.397 23.942 34.663 40.170 57.162 69.638 65.159 55.974 61.183 68.956 68.663 50.653 54.657 43.514 39.574 40.179 44.288 54.822 66.833 74.791 72.608 54.806 41.639 36.990 29.863 27.385 29.951 27.697 24.461 22.938 17.423 19.201 31.310 41.890 35.755 19.310 10.823 4.418 3.362 3.928 8.141 16.581 25.493 21.089 12.605 18.023 16.402 4.525 3.866 10.718 29.750
52.031 36.597 16.484 6.244 5.919 20.990 42.362 38.200 23.106 30.360 32.714 15.574 9.467 9.103 29.039 43.902 53.497 66.474 67.750 57.122 30.425 8.423 17.451 42.238 58.841 62.210 64.874 63.154 49.069 42.537 55.390 63.275 65.434 48.975 41.969 38.605 37.054 39.015 43.488 52.675 65.356 74.312 75.616 64.219 47.696 42.470 34.277 30.503 30.755 30.141 28.878 30.171 28.385 19.262 33.269 38.601 21.774 13.308 6.639 3.545 6.916 4.799 10.107 17.077 23.991 14.526 12.667 20.560 20.581 14.751 7.411 18.226 26.595
23.572 22.576 13.336 3.141 3.155 11.181 24.686 28.833 15.576 35.290 37.038 28.448 6.766 7.360 18.687 43.490 67.220 43.438 48.601 33.996 10.158 4.215 18.653 31.921 35.886 57.068 55.426 34.609 40.948 52.131 57.468 62.767 63.959 54.323 37.328 36.275 44.122 48.149 52.867 50.366 56.107 70.920 77.158 73.623 63.149 53.640 42.404 32.516 30.537 34.394 35.616 42.680 43.970 35.428 44.460 45.797 21.902 7.632 3.258 3.018 8.224 7.783 14.223 24.353 15.208 12.284 12.541 20.814 34.295 37.771 38.401 42.069 53.770
22.993 7.241 5.037 1.696 4.814 18.439 30.830 23.612 12.436 31.185 27.836 11.248 5.440 6.723 20.297 47.007 49.825 26.260 15.564 9.423 4.229 6.085 12.343 16.870 23.307 36.693 31.245 26.904 52.568 57.556 60.238 54.973 44.090 34.998 34.207 45.613 53.270 56.895 59.319 61.500 60.950 67.119 72.899 73.332 69.541 63.434 49.486 36.806 29.275 35.743 44.361 44.208 52.062 50.515 42.541 46.930 27.353 10.355 3.339 5.233 8.152 10.151 19.731 22.684 12.011 12.167 13.055 19.551 35.656 51.536 52.343 47.029 56.967
9.250 6.166 3.080 0.392 13.261 20.260 28.243 15.615 5.527 11.896 16.367 14.562 2.266 3.732 11.371 23.678 17.657 8.064 3.708 0.583 3.182 3.513 4.178 8.295 10.725 11.304 11.802 19.537 29.928 35.913 33.753 29.734 28.939 35.711 52.964 48.115 51.893 57.297 60.337 61.722 59.161 60.564 64.134 69.421 66.730 60.866 55.867 46.584 26.838 20.714 24.346 27.518 44.650 48.828 32.350 30.991 24.919 12.043 6.936 6.602 7.836 9.135 10.072 10.028 7.510 7.883 12.030 17.163 24.681 27.065 32.326 36.877 42.259
3.808 2.160 1.433 1.494 9.547 6.259 24.358 10.636 3.884 3.894 5.014 3.190 1.058 2.225 3.193 5.548 4.054 0.000 0.000 0.368 3.292 7.934 9.045 9.573 9.106 13.901 17.955 13.938 15.818 15.113 20.751 30.192 33.014 53.635 64.265 62.581 58.923 62.718 62.396 58.155 39.584 51.823 57.461 68.790 60.893 54.336 49.986 35.736 22.940 13.026 12.655 19.595 31.355 47.948 33.566 14.692 11.077 7.788 7.729 7.675 7.575 7.428 7.236 7.008 6.750 6.467 8.491 11.558 12.130 12.396 12.730 16.032 17.366
8.626 2.727 1.889 3.149 1.836 1.402 6.468 5.040 1.134 0.833 0.503 0.000 0.000 0.000 0.000 0.000 0.000 1.532 1.838 3.840 18.389 36.682 41.791 30.732 18.390 36.222 53.915 50.558 36.159 45.565 46.134 56.067 46.990 47.102 57.691 62.085 56.104 51.123 54.522 37.677 51.598 60.372 63.709 64.359 53.753 35.596 30.766 21.773 12.325 9.447 8.716 10.031 17.781 30.980 27.903 10.818 7.149 7.259 7.352 7.392 7.368 7.283 7.147 6.967 6.752 6.508 6.478 9.499 8.612 11.100 12.784 15.797 24.880
2.314 0.000 0.000 0.000 0.420 0.032 0.000 0.000 0.000 0.000 0.000 0.000 0.259 0.000 0.540 0.000 1.098 2.666 14.963 18.905 13.562 22.991 38.931 43.218 37.393 45.655 59.240 53.546 52.279 60.619 57.483 61.120 59.857 59.603 59.115 53.631 47.559 38.756 29.529 35.604 52.160 57.253 64.650 60.982 46.747 30.497 18.025 12.951 6.834 4.687 3.620 5.645 9.560 9.060 5.853 8.093 6.474 6.785 7.029 7.171 7.220 7.193 7.104 6.967 6.790 6.582 6.346 6.516 9.049 11.336 14.009 28.170 44.532
0.000 0.000 0.000 1.192 0.000 0.000 0.000 0.000 0.629 0.798 1.184 1.290 2.118 1.011 15.118 14.416 3.044 2.317 8.631 22.743 33.158 37.583 40.852 45.738 49.316 55.611 58.140 41.871 45.620 44.047 43.418 59.772 66.517 62.100 51.928 39.050 34.052 27.831 20.222 35.242 52.738 57.904 64.597 58.185 41.465 23.883 13.015 8.348 3.874 2.238 1.161 3.102 4.259 4.176 4.690 5.120 4.184 5.774 8.628 11.387 10.696 10.336 9.265 7.222 6.866 6.689 7.259 11.729 13.410 15.164 20.895 27.993 34.142
1.009 1.681 2.339 1.257 0.407 0.024 0.000 0.143 1.764 2.105 2.520 5.179 7.111 4.604 4.154 16.139 19.044 16.290 10.111 10.777 18.385 31.326 43.140 51.562 57.626 59.207 51.094 33.912 30.131 30.547 46.339 59.724 62.329 65.604 55.183 39.886 24.466 19.112 22.167 38.748 48.140 58.986 64.354 56.137 48.540 32.245 14.009 7.425 2.854 1.487 0.000 0.000 0.000 0.000 0.000 0.000 2.875 5.246 8.003 11.832 12.868 12.979 11.957 10.600 8.930 10.996 11.124 14.090 20.486 32.176 38.372 52.096 50.729
3.037 9.963 16.297 14.993 7.621 2.848 0.000 2.135 6.116 3.357 7.565 20.303 24.064 22.215 17.733 8.516 14.931 31.473 26.148 13.162 31.203 40.000 47.057 53.629 55.342 46.174 38.030 25.290 24.821 37.530 42.165 45.535 47.586 57.426 55.331 41.689 23.024 15.123 26.389 47.928 57.014 60.930 60.462 44.192 33.063 22.954 10.372 5.300 2.588 0.000 0.428 0.403 0.709 1.360 1.476 3.880 4.607 6.137 6.584 7.531 9.405 12.918 13.073 13.014 12.853 13.829 13.519 15.157 28.486 47.959 50.069 50.037 59.785
3.976 12.290 26.974 41.859 29.022 11.695 2.789 0.546 11.375 15.429 17.843 31.953 49.899 47.483 33.071 23.984 10.242 17.869 25.322 19.312 17.412 42.349 51.122 58.819 49.135 40.120 28.750 19.074 24.829 26.744 23.237 25.015 34.596 47.726 45.313 38.902 19.088 14.917 38.912 52.207 55.396 55.484 49.402 34.755 14.512 8.841 5.048 4.307 2.718 1.226 0.000 0.605 1.575 3.322 3.789 5.596 8.295 6.620 9.274 10.576 11.543 12.893 13.241 13.192 15.664 17.366 17.223 17.530 37.859 52.104 61.417 62.948 60.549
