inst/extdata/altitude_above_channel_network_rotated.asc
NCOLS 340
NROWS 316
XLLCORNER 528502.529920
YLLCORNER 274871.653426
CELLSIZE 100.000000
NODATA_VALUE -99999.000000
[rows 160 to 191 of 316, columns 219 to 291 of 340]
7.772 36.007 32.764 24.603 6.833 2.019 0.733 0.000 1.119 3.491 5.427 17.361 32.814 30.299 2.684 0.116 0.000 1.884 24.619 43.303 43.927 44.682 47.803 50.864 60.652 57.815 38.169 8.792 6.464 0.861 0.000 0.283 0.000 0.367 0.000 0.000 0.000 0.368 1.490 3.206 6.106 6.735 8.849 12.488 29.922 43.711 41.536 20.989 7.903 0.026 0.000 0.000 0.000 0.000 6.820 26.635 15.958 26.512 27.330 35.298 34.155 28.261 33.765 43.775 38.737 47.939 52.176 50.716 51.695 49.961 47.850 41.725 40.562
22.180 32.942 42.056 38.935 14.513 0.640 0.000 0.000 0.000 0.075 4.444 27.978 41.434 41.917 21.142 4.078 0.874 0.000 8.139 20.794 30.195 36.872 35.671 43.614 54.600 54.225 50.255 21.610 4.762 0.000 0.000 0.000 0.000 1.111 0.307 0.744 0.000 0.000 0.000 0.000 0.000 1.727 6.279 7.816 11.179 20.427 19.958 7.735 0.025 0.000 0.000 0.000 0.387 12.225 29.389 35.132 27.349 27.845 35.111 38.960 44.347 37.199 38.864 45.792 47.168 52.481 52.938 54.316 54.972 54.603 45.027 38.657 32.721
27.669 20.237 24.745 19.982 4.728 0.000 1.655 14.956 15.438 0.000 1.207 25.164 42.077 47.942 42.795 28.543 5.676 1.672 0.266 3.748 9.308 19.221 34.518 36.047 41.518 46.108 43.399 21.080 3.212 2.971 0.000 0.695 0.672 0.915 0.000 3.666 5.462 8.494 17.371 9.159 1.986 0.000 0.000 0.000 1.858 3.626 0.037 0.000 0.000 0.000 0.000 10.194 13.187 25.307 36.865 39.686 31.143 29.281 34.312 41.136 49.303 46.882 49.670 49.876 50.958 51.325 42.703 43.141 46.056 50.555 47.186 37.776 29.641
18.548 18.116 13.875 5.412 0.000 0.643 8.339 36.731 29.666 0.623 1.369 10.978 29.185 41.177 37.442 20.669 29.063 3.391 0.000 0.000 0.000 0.017 4.754 20.500 27.058 35.333 36.922 30.432 12.605 1.929 0.000 0.516 0.000 1.976 0.000 0.000 5.615 14.230 38.089 25.368 17.300 8.133 6.673 0.429 0.000 0.000 0.000 0.000 0.000 12.594 14.158 37.762 26.350 32.234 41.194 46.535 37.402 37.347 34.179 41.349 46.438 45.163 45.614 44.201 48.900 44.861 41.142 38.902 38.987 42.697 45.848 39.229 29.077
25.268 32.349 33.268 13.721 0.000 1.558 28.863 39.815 27.681 5.344 0.000 0.000 22.621 42.758 43.254 29.171 32.812 6.235 7.718 24.292 14.601 8.499 0.000 0.520 13.543 28.939 30.987 29.570 12.026 0.000 11.556 11.145 6.797 11.607 2.390 2.426 8.602 18.287 41.976 36.666 27.354 19.135 21.064 13.049 5.450 1.387 1.270 3.578 27.935 39.174 22.594 38.054 37.926 40.849 41.893 47.543 44.038 44.066 39.828 44.553 43.903 38.575 38.180 38.177 39.964 38.011 38.387 37.779 36.127 37.588 37.972 36.546 30.478
30.143 27.891 21.997 7.457 0.000 0.202 13.133 36.101 39.376 34.647 22.906 1.510 23.524 43.611 43.606 34.068 35.352 18.470 22.130 37.755 36.915 33.256 19.301 5.456 0.000 28.318 30.558 13.881 0.000 1.080 24.060 41.917 42.723 18.931 9.192 15.885 12.358 19.898 47.494 45.390 37.395 32.577 23.136 14.285 3.923 4.559 6.840 8.323 30.861 41.212 37.222 33.860 41.756 41.582 50.791 51.811 48.041 47.522 46.831 47.961 43.530 40.610 36.958 34.836 34.923 35.467 36.177 37.103 34.774 32.669 34.876 40.374 36.762
29.909 14.259 5.095 3.964 3.124 9.646 2.639 22.938 33.884 32.673 37.100 14.704 22.687 44.240 40.837 35.113 39.197 35.146 35.645 41.184 40.515 37.269 31.450 22.192 0.000 3.441 2.074 0.000 3.078 5.253 17.546 39.557 65.131 36.073 30.352 42.620 20.727 22.929 45.897 52.574 40.426 36.238 26.224 18.387 14.813 13.154 18.347 18.438 28.805 41.391 44.330 36.622 47.790 49.449 52.402 51.951 50.596 48.516 48.382 49.065 44.524 39.740 36.302 34.401 33.369 33.169 33.585 34.916 35.411 32.189 29.259 32.492 29.906
34.154 26.247 4.641 2.543 20.870 35.587 20.106 10.942 14.152 18.981 27.920 32.499 39.669 45.731 34.223 35.246 34.993 33.773 33.650 34.695 36.804 37.534 28.036 9.208 7.470 0.000 0.000 2.829 7.561 24.476 28.242 36.010 57.928 71.524 69.153 63.698 46.179 32.145 44.730 60.069 47.053 40.638 35.751 28.728 24.012 21.715 28.863 31.868 27.157 40.074 47.844 47.661 50.165 53.693 53.119 51.375 49.552 48.611 46.832 43.287 41.165 42.777 42.423 38.514 35.588 32.877 32.220 32.246 33.116 29.108 26.023 27.160 26.260
7.320 5.098 2.052 4.380 25.582 36.965 37.096 30.283 28.009 20.379 34.234 47.528 55.987 47.888 38.701 34.076 32.196 31.299 30.699 31.490 30.502 35.852 31.055 21.978 15.592 1.061 0.000 1.858 18.029 46.173 56.423 49.127 58.556 72.633 73.216 72.338 70.634 60.123 51.459 53.788 45.483 43.515 40.084 37.717 30.644 27.893 41.185 39.793 34.175 44.999 51.038 54.450 53.485 54.148 53.694 50.985 46.582 46.008 42.534 41.909 40.395 40.673 43.033 43.795 37.639 36.156 34.225 29.776 26.410 24.407 19.066 21.188 24.773
18.789 4.654 1.075 11.658 34.049 42.478 47.979 44.068 40.180 29.937 31.854 48.444 58.070 52.766 40.569 31.547 30.201 28.751 28.522 30.601 32.051 27.891 29.085 24.219 16.167 6.173 0.000 3.987 21.024 45.946 59.530 64.911 67.728 71.896 67.880 61.968 58.882 58.136 50.665 57.089 51.935 49.206 44.944 39.692 37.920 42.092 50.261 50.081 44.329 54.863 54.412 56.592 56.632 55.946 56.828 48.302 43.288 40.650 39.258 36.174 37.368 35.042 35.223 36.206 37.950 42.694 38.280 34.796 30.464 21.785 17.497 16.273 18.673
36.332 14.650 0.117 14.958 35.041 42.787 48.461 49.256 47.708 43.650 43.104 46.343 57.929 52.894 38.628 29.776 28.272 26.626 26.687 25.745 28.480 30.288 23.625 20.783 14.640 0.000 6.360 11.276 24.368 40.921 48.827 56.644 70.774 70.313 64.715 59.272 49.905 47.804 54.399 61.313 57.046 50.575 46.434 45.898 48.621 48.218 51.784 53.044 51.584 54.542 58.345 62.388 58.617 53.168 49.374 47.848 45.492 43.378 37.638 34.404 34.284 34.161 34.036 33.908 33.780 37.954 38.826 33.217 27.549 20.132 16.408 14.586 14.029
16.961 0.220 2.208 8.354 32.852 36.059 33.768 40.794 39.041 45.482 52.489 57.024 61.216 53.106 39.091 33.764 27.087 24.628 26.655 28.383 30.212 36.177 27.224 16.330 10.049 0.000 14.658 23.034 28.808 35.934 43.250 50.789 63.757 66.209 63.420 56.449 46.597 42.549 45.229 52.856 60.931 53.564 50.351 50.181 51.309 49.611 53.252 61.349 60.808 60.015 66.156 59.116 49.022 45.196 44.932 44.724 43.794 44.003 42.994 36.208 33.375 33.276 33.172 33.065 32.955 32.843 33.134 36.129 34.835 25.580 20.227 16.347 13.071
4.098 14.507 8.062 2.460 8.746 15.577 14.827 19.526 26.784 34.030 38.757 47.256 57.144 57.590 49.738 38.329 27.719 22.886 24.570 29.503 38.587 41.758 34.408 21.523 15.964 0.000 7.992 16.236 27.083 35.629 39.555 47.061 58.277 61.347 60.574 53.229 47.651 39.169 37.872 43.301 45.910 49.351 56.994 53.887 54.006 51.410 58.844 64.734 64.438 63.729 62.404 51.449 48.426 43.151 42.736 42.224 42.328 44.029 48.439 36.850 32.464 32.389 32.307 32.218 32.126 32.029 31.932 32.065 34.002 31.619 26.026 18.005 14.439
20.656 31.786 16.929 2.731 8.957 14.645 13.870 13.032 12.127 13.272 24.477 32.248 41.923 52.309 52.257 36.928 27.654 21.703 20.182 26.957 36.886 43.428 40.060 31.734 24.481 11.870 0.000 12.034 18.764 30.242 42.539 50.241 53.773 55.095 56.492 52.718 43.996 38.590 35.320 35.669 38.182 46.325 57.057 49.677 43.815 42.446 47.749 50.999 57.613 56.755 54.971 49.025 46.181 42.853 40.865 40.299 40.584 42.336 45.305 41.023 35.241 33.569 35.649 32.541 31.997 31.213 31.126 31.036 30.944 33.509 25.405 18.762 17.972
26.416 31.619 17.561 1.881 13.580 18.429 33.919 31.936 31.123 25.432 15.044 26.149 32.174 47.775 53.125 40.471 27.447 21.941 18.444 19.659 31.319 41.344 34.626 24.250 18.285 12.482 0.000 11.652 23.673 29.977 42.908 46.288 45.383 45.049 48.929 50.635 45.880 37.155 32.853 32.507 34.564 42.979 47.662 42.445 36.855 41.480 49.087 55.893 55.963 48.882 48.565 48.556 45.838 43.316 40.691 39.507 39.285 39.627 39.924 42.158 41.449 39.260 36.220 35.361 37.253 31.368 30.321 30.244 30.163 31.132 31.325 26.459 25.893
40.083 31.880 18.783 1.131 9.199 20.382 30.866 40.084 41.280 40.157 26.215 27.715 44.794 54.257 57.499 46.248 34.439 28.264 21.490 28.531 38.755 40.872 30.370 18.010 10.719 5.562 0.000 12.502 28.357 36.878 37.637 39.077 40.186 41.284 44.239 46.352 41.839 37.081 33.538 30.271 34.700 39.666 40.503 35.761 35.108 42.411 46.479 51.776 55.048 48.830 42.867 41.301 40.488 41.349 40.497 39.684 40.382 38.182 37.666 39.315 42.010 39.762 36.252 32.501 33.079 33.758 29.514 29.447 29.374 29.540 31.189 30.726 31.483
47.228 28.850 7.728 12.278 4.586 29.399 36.301 41.556 51.638 52.660 41.374 28.040 45.117 57.241 59.886 52.945 49.866 38.254 39.597 39.621 38.652 38.491 31.192 17.241 10.924 0.000 7.904 21.414 32.246 38.534 34.544 42.233 38.912 39.869 42.573 44.401 38.009 33.562 27.789 28.756 36.690 38.438 34.410 33.166 34.203 36.860 40.452 43.866 51.057 50.329 43.436 39.413 38.041 37.243 37.692 38.059 39.536 36.620 36.680 37.009 38.816 41.009 37.828 33.764 31.167 30.139 28.710 28.650 29.207 31.325 30.027 28.276 29.244
49.154 29.544 20.328 25.423 8.726 12.881 22.236 30.413 49.649 58.385 52.714 41.347 50.325 58.916 63.886 62.769 55.210 46.190 43.926 38.628 31.221 31.116 29.555 19.872 13.432 11.342 14.923 17.966 35.258 34.592 34.276 38.202 38.787 37.814 41.650 43.346 35.856 36.556 26.460 28.535 29.546 30.306 30.985 31.592 32.260 33.554 39.057 45.704 50.720 50.409 45.974 43.380 39.277 35.430 35.448 35.419 35.543 35.649 35.736 35.805 35.909 36.783 37.080 33.182 31.399 27.943 27.903 27.855 28.506 29.638 27.512 27.672 28.167
45.742 32.702 42.585 32.578 9.678 26.981 26.103 36.289 51.864 58.321 58.485 55.276 56.148 60.930 59.312 60.562 58.778 48.470 37.964 32.552 28.970 26.569 24.730 21.203 17.025 17.990 21.140 24.196 33.349 36.861 36.145 36.317 34.600 35.807 39.822 37.746 32.691 28.868 24.913 25.622 28.465 29.964 30.590 30.313 31.098 35.594 44.262 50.128 52.616 52.588 49.810 46.272 41.548 36.649 34.277 34.403 34.557 34.692 34.803 37.459 35.011 35.444 36.059 36.027 33.268 30.094 27.115 27.062 28.468 26.982 25.837 26.755 26.496
55.704 50.446 40.100 26.285 23.966 15.081 21.455 32.224 40.055 50.510 59.606 65.875 62.872 57.058 50.116 52.489 58.130 51.895 40.089 33.225 29.822 27.026 24.898 22.537 20.947 21.790 26.821 27.899 33.408 38.521 38.789 37.292 35.553 33.392 40.903 35.553 27.374 23.079 23.559 26.557 31.192 31.643 28.808 29.653 32.184 38.687 45.197 48.587 50.233 49.927 48.522 45.470 40.153 35.302 33.238 33.401 34.261 34.649 33.882 34.100 34.184 35.086 35.199 34.622 32.086 29.352 29.682 27.385 28.995 26.831 23.965 25.049 24.875
62.731 54.537 43.445 40.804 36.959 25.009 32.700 29.338 44.980 52.540 58.895 64.850 58.400 50.490 44.756 46.844 51.902 53.322 45.915 34.402 29.812 27.912 26.135 25.411 24.284 27.923 27.889 29.935 33.541 35.933 37.982 34.696 31.576 30.091 34.096 30.008 22.699 20.257 22.670 25.426 27.963 25.736 25.793 29.137 31.545 34.190 43.097 47.249 49.410 46.003 44.690 45.563 41.072 34.698 30.904 35.273 36.011 35.806 34.207 33.285 33.330 35.002 34.891 33.999 31.605 31.252 29.589 27.768 26.122 27.847 23.539 22.081 24.236
60.354 60.626 57.791 53.976 49.399 38.618 40.539 46.810 46.848 55.518 65.979 61.696 51.267 46.148 42.542 42.359 45.790 47.839 47.600 37.158 32.314 29.054 27.388 26.094 29.627 32.294 30.748 30.956 32.261 32.889 35.155 31.824 27.951 22.069 24.324 22.638 18.759 17.980 19.645 21.640 24.329 22.308 23.240 28.809 33.378 37.181 44.071 47.322 47.625 43.755 35.242 38.308 39.124 33.358 29.902 37.101 38.047 35.938 34.435 33.156 32.483 33.193 36.019 34.310 32.039 30.275 28.599 27.003 25.360 26.923 23.772 21.307 23.624
61.084 58.644 54.676 57.001 56.994 54.705 53.670 55.558 59.556 61.042 63.132 64.487 52.133 43.744 42.423 41.037 39.591 39.424 46.065 46.618 38.160 31.873 28.498 30.226 33.346 33.197 31.071 28.760 27.785 27.427 29.053 27.186 25.635 18.645 16.842 17.415 19.859 19.154 16.763 19.338 21.623 19.691 20.794 25.293 29.940 34.097 41.346 41.621 43.404 40.559 32.146 29.496 30.948 36.522 28.914 33.534 34.950 34.969 33.531 31.596 31.655 32.392 33.644 34.460 30.510 27.955 26.956 26.404 25.689 26.264 23.558 20.545 21.592
61.110 55.329 43.433 42.238 41.544 52.950 59.403 59.791 55.402 52.426 57.241 61.646 58.651 49.158 42.389 41.087 39.742 38.364 41.221 45.697 42.456 36.748 31.444 33.193 36.924 34.518 29.579 26.654 23.940 22.461 23.803 20.957 16.681 15.655 16.129 19.989 21.041 18.424 14.809 16.808 17.824 15.757 18.397 22.204 24.295 27.943 31.189 32.115 40.275 35.502 29.007 25.522 30.233 34.578 24.883 30.825 32.982 33.160 32.228 30.757 30.848 31.933 30.951 29.291 29.012 27.145 26.442 26.533 25.330 23.862 21.952 20.020 19.667
54.423 50.843 38.818 27.587 35.469 45.151 49.533 54.344 41.402 34.467 45.908 54.236 60.622 52.768 42.429 41.208 39.956 38.686 37.413 37.293 35.739 34.488 32.825 34.769 37.063 35.648 30.742 26.058 24.742 22.870 20.435 20.219 18.710 14.772 16.567 16.405 18.381 14.705 12.710 13.648 14.191 13.518 17.295 20.607 24.382 25.138 24.895 28.229 32.022 29.599 26.493 22.213 26.136 25.316 23.128 29.656 30.946 31.644 30.920 29.953 29.962 30.759 28.273 27.405 26.677 26.098 27.631 26.085 25.272 23.433 22.277 21.567 20.792
33.862 40.015 36.493 24.457 28.275 31.677 43.370 49.556 30.523 19.661 38.500 42.612 57.889 53.683 42.531 41.387 40.222 39.047 37.880 36.740 35.650 34.628 34.097 35.529 36.067 35.066 31.460 29.484 29.092 22.898 20.755 22.105 21.071 13.803 14.586 15.691 15.826 13.904 11.851 11.533 12.012 12.258 13.989 21.060 27.278 24.070 20.756 21.770 23.520 25.863 21.335 19.393 21.443 20.425 21.790 25.949 29.445 29.836 29.770 29.067 27.817 27.652 27.581 26.326 24.808 24.820 24.837 24.833 24.621 23.449 22.599 22.060 21.416
16.277 21.233 24.196 19.576 20.082 32.304 43.791 37.493 26.960 16.842 31.880 45.976 53.213 54.625 43.176 41.613 40.526 39.437 38.360 37.313 36.310 35.383 34.545 36.330 39.599 38.717 34.927 35.523 32.365 23.572 18.945 20.162 19.780 19.813 12.047 13.437 13.573 12.755 10.295 10.389 10.803 11.256 13.266 19.732 25.476 21.762 18.320 17.266 18.404 18.996 17.593 16.244 17.310 18.615 21.801 23.587 26.784 27.429 26.622 28.044 27.135 26.197 25.921 27.398 26.349 25.926 25.440 24.170 23.298 23.065 22.970 22.014 20.740
12.158 12.098 12.486 14.483 16.488 34.812 38.773 26.662 17.419 20.676 40.273 51.203 54.129 55.915 48.757 41.879 40.864 39.848 38.849 37.877 36.953 36.091 35.579 40.216 41.449 38.684 33.814 35.444 33.695 27.034 20.102 17.633 17.538 20.641 13.381 11.622 13.087 12.914 10.589 9.739 9.817 10.246 12.491 17.926 21.513 20.582 17.673 16.617 15.354 15.132 15.190 13.123 14.091 19.046 20.887 20.087 20.588 22.619 28.581 31.117 30.967 27.846 29.853 30.932 32.613 33.587 31.556 26.849 25.399 23.704 24.456 27.534 23.407
11.103 9.517 8.811 11.466 30.061 35.156 20.252 19.539 13.298 22.199 41.875 46.068 37.461 48.708 53.006 42.179 41.226 40.278 39.344 38.442 37.578 36.768 36.593 47.126 39.695 33.877 28.660 28.334 30.028 29.913 24.254 20.925 16.840 16.355 12.885 8.862 10.458 9.795 9.498 8.461 8.773 9.581 12.328 17.834 18.973 18.563 17.047 15.046 14.561 12.944 11.475 10.706 13.260 16.174 15.967 15.399 18.187 24.714 31.933 35.080 33.949 32.633 33.923 35.142 36.231 37.863 34.546 30.443 26.585 25.620 24.830 24.563 21.359
8.282 7.640 7.151 15.193 34.609 25.386 11.437 9.972 14.092 26.667 40.231 27.485 26.783 43.529 52.358 42.506 41.611 40.721 39.844 38.995 38.181 37.413 39.690 43.962 37.095 32.772 25.934 24.718 24.557 25.782 24.810 19.466 14.966 13.054 11.603 8.497 7.905 6.942 6.517 6.364 6.651 11.125 11.116 14.169 16.899 17.391 16.825 13.131 11.905 13.082 9.536 7.075 10.931 11.293 12.952 16.498 23.430 29.818 33.013 35.099 34.894 37.120 39.001 38.730 37.327 37.555 36.704 34.695 31.589 29.896 26.395 23.786 21.338
5.835 6.317 7.223 11.603 19.148 11.789 9.235 7.857 10.877 21.436 21.127 17.061 26.611 43.583 50.430 47.758 42.014 41.175 40.349 39.545 38.772 38.039 43.021 40.477 34.661 30.375 26.439 24.521 23.554 24.791 24.239 19.346 13.986 11.813 10.516 8.151 7.064 5.338 3.981 4.025 4.491 8.926 8.173 10.637 14.215 16.138 13.124 9.071 8.314 9.626 6.693 5.381 6.733 10.732 13.310 19.910 28.608 31.282 32.825 31.517 30.514 37.181 41.442 40.068 39.013 39.716 40.241 39.526 36.644 33.903 28.254 24.056 22.167
5.591 5.956 7.527 12.164 9.779 5.771 6.662 7.102 9.812 13.233 13.849 17.261 23.672 32.266 40.697 49.841 44.023 41.640 40.857 40.094 39.357 38.651 43.594 38.440 34.934 32.146 27.107 24.693 23.009 23.368 25.020 23.962 16.270 11.436 9.688 8.105 4.968 4.666 3.373 0.000 3.255 5.763 7.290 8.903 12.683 11.772 9.360 4.971 3.366 3.000 0.000 4.391 7.607 11.246 14.633 21.812 27.140 29.069 28.234 25.806 27.882 34.887 38.255 34.098 33.479 34.908 37.698 39.758 39.010 36.223 30.468 26.884 25.028
