inst/extdata/aspect_rotated.asc
ncols         340
nrows         316
xllcorner     528502.52992
yllcorner     274871.653426
cellsize      100
NODATA_value  -9999
[rows 168 to 195 of 316, columns 189 to 251 of 340]
4.485507 344.8225 343.3217 315 287.9329 287.1579 286.6114 283.7768 35.7812 48.22073 34.17392 18.61584 9.853084 7.809509 357.0584 353.2516 11.1133 7.941128 7.002971 48.18218 13.89536 314.6867 26.40777 21.45621 346.3755 56.80279 299.6898 293.0999 83.9034 122.7448 141.2329 134.4973 139.1513 288.1773 291.0329 327.1809 16.69474 11.61928 10.82455 338.955 296.1985 306.6059 340.2474 43.67648 60.20705 62.79762 174.2317 234.9627 268.3747 284.2136 277.6812 353.4018 47.432 32.89923 35.08216 35.72441 4.307462 319.0941 302.8796 314.7901 350.5416 346.3087 312.6563
8.683006 350.3895 351.2524 346.1411 309.4405 280.1565 255.5432 238.423 224.5949 85.71823 83.28445 60.72631 26.2167 351.0405 340.6066 350.7543 10.1444 12.61858 21.19386 34.71793 9.252542 347.4958 33.35231 44.07483 88.18877 89.79804 285.787 288.0649 41.81915 30.69349 34.16821 56.04496 324.206 285.1552 288.9296 305.2763 351.5907 14.17246 22.44203 5.675906 304.2585 281.4398 309.2763 68.71906 79.16993 87.75961 155.3983 268.246 272.829 281.4448 298.5474 325.3816 35.04094 36.58815 39.96262 34.15389 10.77344 327.0421 293.6968 281.1863 293.6572 330.7422 324.1659
10.93962 359.978 356.7164 359.7396 347.0382 292.4378 241.5963 250.8934 249.4929 114.9733 131.1514 164.0616 177.0078 217.0408 242.2469 243.9877 93.77157 84.79287 55.56162 30.66676 8.614947 14.70076 49.4351 60.5964 75.73048 320.0732 288.2717 300.2898 24.35272 47.28249 86.90894 89.3437 293.26 271.7586 268.0009 246.9075 220.0974 188.9143 36.33136 357.186 330.3116 305.3138 319.7191 78.17961 80.45139 65.72948 38.48487 290.1477 292.1144 294.7816 308.2946 350.3874 25.86009 32.49963 35.31166 21.37177 3.796537 342.5918 308.0463 274.5373 238.4315 247.5276 262.3162
357.3148 3.585337 5.230906 19.97432 62.47966 161.0707 251.9748 267.8229 240.8365 102.1075 94.2551 113.2235 172.0436 223.0215 222.0821 217.8044 181.8397 136.9913 171.0818 208.2251 330.6091 32.38794 45.5268 29.83672 24.4145 353.325 311.8767 313.184 92.82893 131.3098 133.519 106.2864 321.4196 250.8984 226.5816 189.5895 193.3632 197.0077 199.1916 229.7784 260.6442 276.5432 308.328 62.84727 55.62026 46.67614 50.80282 300.8844 291.8843 309.0568 315.9516 350.1575 30.41988 22.01995 16.76975 5.784409 345.2992 339.9784 318.0815 292.071 258.8076 254.4217 242.2087
204.9434 216.8542 170.1111 106.8375 120.7487 162.8308 244.1815 232.6803 186.4784 137.0425 99.72164 87.52617 111.2786 214.9214 234.6493 236.5214 179.9439 139.2362 174.8336 225.818 241.0581 354.3339 37.26838 25.34524 20.24108 6.816257 347.5789 119.5778 126.3757 114.5988 25.93272 3.9334 32.79036 245.6659 221.3995 188.0596 199.3002 205.2572 200.9628 207.7336 212.2215 219.5868 220.9039 79.74389 56.87205 64.57105 70.05714 325.6539 267.9459 281.1741 296.7887 338.4588 27.87899 18.10839 18.30792 33.64856 279.7097 246.3749 258.755 279.1739 298.1409 281.4099 247.8445
209.0028 221.5989 193.216 131.2133 127.2955 177.542 232.2905 209.5337 179.0633 159.6886 129.9225 105.0061 92.48605 204.7347 270.2725 254.8425 149.0901 149.1817 195.3665 249.9442 255.3168 262.221 22.30892 38.5409 41.3687 59.21442 104.4773 130.4412 125.6159 65.30847 322.6075 6.115495 66.98522 39.02911 293.3556 327.3799 341.5301 344.1868 321.3333 227.6559 221.524 224.3004 229.0777 235.413 78.32459 77.70071 76.25188 68.89813 253.4174 256.6978 263.4771 280.6419 56.04413 51.09927 48.76707 58.30618 29.40541 296.0006 282.9914 282.1549 296.8568 288.8083 186.1474
208.2766 222.9146 198.0242 148.2966 128.6763 178.4061 225.6905 214.6911 186.7489 144.3691 129.3402 113.6903 94.59727 91.91891 254.5031 210.3428 131.0908 152.6502 236.8409 244.0429 239.5331 234.5157 230.5125 68.4967 75.52909 84.0355 68.43882 57.04394 35.00695 334.9735 326.6435 53.76049 85.72848 74.66328 278.8846 296.4989 325.5963 354.929 2.235547 15.12848 333.0551 272.5967 276.5224 285.0381 38.95663 64.683 54.14884 33.10913 314.5392 281.4058 277.5404 264.2296 128.0547 146.0596 157.3801 120.2764 66.91551 307.2548 321.5057 312.5865 267.8806 167.4241 157.5973
194.5702 219.4447 206.5775 176.6347 142.0343 170.6359 222.6271 227.9787 221.6505 107.561 85.32815 89.17302 106.0603 154.179 245.17 224.3285 73.66302 7.180828 349.7901 239.9748 231.87 238.8324 247.065 284.1521 62.34453 42.23239 19.70529 39.33863 14.38572 328.7735 5.796703 82.3427 92.42367 62.04718 278.0068 282.1075 293.9736 320.206 351.4897 23.84409 23.91465 306.4442 291.2401 302.2471 18.22794 47.24594 32.93263 17.7741 346.9792 317.5531 298.378 292.9342 104.6391 121.1413 157.1673 157.9479 262.7439 296.7194 311.8765 350.5763 139.2609 140.3715 120.3455
127.2409 234.9526 228.0689 197.3167 151.0175 170.7965 221.6622 221.5045 213.83 193.0705 90.05098 86.56898 105.0391 279.5902 301.2935 317.8357 348.2133 23.82345 22.70289 328.9398 256.0886 254.9142 253.2884 255.8315 32.70731 26.14338 30.22468 52.50963 8.289227 327.7252 54.68241 84.59552 63.84061 21.5895 294.9687 260.2388 247.5247 259.9929 298.4436 17.03893 37.18387 332.7013 287.5203 292.2139 359.0516 29.07069 30.12405 17.53139 348.9441 328.0717 246.1887 183.7465 104.1287 91.60184 94.13277 338.1262 284.5232 279.9192 282.126 95.49009 115.3274 90.56302 87.22642
141.815 223.3897 216.6402 189.8633 160.8242 179.886 211.9217 207.1964 207.962 210.9961 167.2509 121.5915 105.701 304.7133 309.2871 321.8925 120.6258 141.1678 349.1644 4.492902 319.2144 281.9052 270.0828 264.4402 217.7017 92.57953 58.48772 40.92775 2.762529 357.6762 75.89958 64.03033 11.28112 31.97487 12.73798 266.9482 250.5208 261.8342 273.8501 341.8756 35.65656 355.5189 305.8317 292.1905 313.4859 25.12871 47.60747 48.90585 74.7901 148.0794 180.149 191.7319 139.8157 100.4459 61.4196 325.8455 298.167 268.2462 256.6778 100.8949 101.7756 144.0595 121.2111
144.3383 174.7229 184.9741 184.297 173.1955 184.8492 202.4655 222.8063 240.7233 221.6308 174.5853 137.9344 327.5923 311.4895 313.9663 74.58897 126.4159 251.5849 304.5011 344.4831 333.6719 314.2155 300.5354 279.1986 155.0305 161.6214 188.148 356.8115 359.1195 38.99599 62.49513 32.13181 19.40759 64.56829 36.83667 295.489 277.1613 269.1055 258.4239 253.2771 357.2844 355.007 329.3488 268.6495 197.9593 204.0029 80.49841 76.81342 98.79739 126.7448 158.612 195.8574 164.8746 114.5266 18.83837 308.9807 318.5272 287.5611 267.1178 65.67045 59.38321 86.87994 110.6643
355.954 24.01296 56.31971 151.1298 173.4577 183.5786 217.4106 263.1848 288.5652 143.4387 174.6937 262.7353 289.0688 284.0109 279.7555 99.62741 122.1448 257.8939 273.2434 290.5454 296.3862 285.2081 256.7799 185.0706 145.2907 156.1855 210.4057 227.3447 219.5242 64.30472 45.80448 36.43863 57.3939 53.30097 30.01263 338.5594 279.1945 263.3589 256.2357 258.7062 280.2066 332.054 64.25255 140.6055 179.2919 217.9469 200.2325 76.23132 68.3102 71.15154 95.94528 185.5935 192.2863 47.53703 326.7227 303.0714 304.0609 278.826 257.8028 203.4821 94.9458 98.37331 112.4041
332.8717 5.092406 36.26343 51.41002 75.6588 167.3161 246.7319 262.133 252.8404 114.6952 168.9325 227.4573 223.3694 227.8885 205.8995 124.3679 138.7213 246.0269 242.8861 231.5654 221.102 213.6457 191.786 170.4496 159.0776 158.489 217.5038 217.516 202.3493 206.2755 62.82695 47.87685 34.43853 17.29367 26.15836 8.024529 333.0514 316.0873 294.5066 289.7486 287.2272 165.609 129.6277 135.6079 174.1359 224.7808 219.485 133.7327 75.71101 71.33609 65.38982 33.82977 289.7597 316.7358 314.0341 318.1395 318.5931 253.5651 225.1978 193.8317 142.0085 122.9846 131.6346
295.7625 101.3126 91.69143 80.6656 65.57536 64.92552 267.7811 261.6758 232.7993 127.2395 148.1576 199.4624 218.0009 232.6754 212.3011 128.1311 146.7467 269.7673 267.9819 205.5 184.0267 191.7231 181.9613 172.3761 176.8783 187.2827 206.3043 198.6812 206.1169 231.9572 247.8984 50.24395 26.8588 12.93882 25.57084 10.33923 344.3871 337.4059 321.2675 301.2913 297.8076 90.21896 107.347 124.5585 165.8631 213.1824 212.2125 203.9017 101.1404 54.48587 40.30738 38.11747 341.491 301.3954 303.8794 330.4268 104.0769 182.3584 182.5483 184.0942 160.5704 132.5074 125.4992
330.6891 114.5901 120.0171 96.71275 72.36783 70.43314 271.3867 264.4256 240.4035 119.9851 122.6442 166.4297 221.6836 234.9572 220.3645 139.5534 228.7572 276.4778 282.9547 125.9906 148.1991 181.0834 182.4549 180.3409 191.824 206.1597 192.5569 186.6982 237.0871 264.4521 269.1661 125.9015 156.8506 179.6203 160.517 348.7157 341.047 339.367 326.199 264 239.3696 88.8372 72.20669 73.71346 111.8627 188.0194 206.2786 219.579 233.0408 46.91355 48.49677 47.48112 1.210495 302.1042 305.4966 92.02149 128.4376 153.2337 165.5556 178.4599 167.6103 147.799 134.7553
22.04576 49.50465 49.12077 59.11951 70.24883 73.26409 252.8553 243.8982 214.695 144.7511 124.6644 136.4423 222.0964 241.8775 234.9203 154.3268 227.2894 258.6357 233.6494 110.4931 108.6319 154.5939 199.9384 204.4438 202.638 208.8557 204.9233 249.6909 284.5772 281.2312 253.3766 123.4493 144.9345 180.2828 208.1641 231.3615 241.4984 171.5966 160.6584 192.7894 215.718 208.8937 66.00404 63.6468 78.63038 128.696 203.6103 223.4318 223.4292 192.7262 124.7095 89.58756 1.033911 287.0862 294.1339 93.24374 108.5747 127.0298 140.8664 162.8475 160.4624 140.8888 128.8816
12.68726 2.601357 33.60991 54.74746 59.52222 62.76825 97.27178 219.6633 201.5387 165.5114 145.6166 141.1907 251.8201 273.476 275.0838 107.0392 241.0114 250.104 202.6729 126.4603 106.0021 99.80437 286.0271 283.0844 194.4377 237.6973 284.375 308.2513 305.1497 256.9846 180.2523 145.987 122.1646 167.6413 222.8733 223.951 218.8425 156.0814 142.5018 193.798 222.1553 225.9729 196.1586 80.37337 81.65633 92.0777 176.0938 211.9174 216.8815 202.7024 170.0638 168.5625 237.5288 265.9403 224.4369 105.8244 91.39187 74.93255 68.58008 94.9136 124.0441 82.85569 75.14436
358.9582 356.9313 22.53225 38.26031 43.84221 54.68024 68.69422 177.5535 200.8685 173.2463 159.0011 159.991 254.5406 266.4277 251.2448 127.675 269.768 256.1733 183.54 146.5561 123.9949 168.4138 250.9668 172.6324 200.0122 293.2224 303.827 301.9428 204.2441 165.4135 175.5078 180.9884 141.4877 156.7069 225.3218 238.6516 234.9739 139.8934 123.6164 207.5469 242.5566 245.5998 240.5961 92.6977 85.22559 86.19411 105.63 197.5713 225.381 219.0569 188.1301 220.9718 255.453 268.6446 288.5381 72.48405 58.26171 28.25032 55.67731 84.95665 118.0726 125.5041 75.5135
1.006933 13.57094 49.93509 56.09755 45.73706 40.93262 53.31315 69.67664 176.6505 168.5838 163.9234 181.4226 254.9678 249.3747 213.7783 191.102 266.86 221.4307 153.9732 155.3455 136.0478 195.0065 199.1875 171.3696 245.9265 275.7419 261.9199 180.08 160.4801 160.3489 177.2073 193.0182 171.9062 172.0306 243.7308 264.5531 223.3153 135.3976 123.8249 259.6307 276.4225 280.2361 273.9121 79.48338 75.63221 71.3974 64.43678 56.09351 235.2934 228.7199 226.7643 258.1189 275.2585 291.4856 330.2553 65.73872 58.89626 26.93036 69.77239 80.61085 104.0877 171.0666 123.5579
166.2799 121.3149 111.6806 119.0913 108.0298 79.86861 72.61285 67.35388 82.61265 144.5193 179.6606 290.7183 298.7691 272.4556 197.195 220.082 226.9772 170.9608 150.5555 163.6664 170.0713 193.9871 206.2355 277.7969 281.922 237.6182 189.404 165.8075 159.2525 162.1916 178.5136 193.7777 190.9453 235.9619 281.0065 263.9691 161.1061 140.1711 149.1945 274.7951 281.7949 263.3381 216.535 187.7088 71.74562 69.29717 71.5546 74.91565 191.7826 239.6281 249.3894 265.2003 285.9655 305.4146 90.17774 128.4162 157.1351 180.2839 111.0258 75.62576 64.79626 80.71825 181.4689
182.633 161.7038 103.2549 101.6273 128.9375 135.0181 109.0123 88.75726 78.30869 90.48528 273.2892 290.8767 294.8698 73.22595 151.9612 223.2823 202.6487 170.079 156.5614 169.3243 200.3435 228.3251 262.5304 280.5279 238.0308 169.0955 163.6311 175.4554 194.12 176.8919 160.641 175.1628 233.9275 281.0067 288.9522 150.8068 148.4622 157.2303 232.075 274.2664 257.9421 178.9099 199.861 229.4873 97.35836 81.21295 80.26647 80.0246 86.27117 249.17 259.3139 270.742 279.2561 276.0707 115.4392 128.4966 152.5915 184.4129 175.5582 113.958 77.87333 81.93555 134.0074
197.1753 203.909 103.2621 87.89356 89.37955 107.6001 116.6465 111.1516 96.9313 95.38589 236.6087 250.2576 222.9562 156.4344 159.8295 225.1357 184.6738 168.2893 164.4424 182.9506 230.2863 262.1488 281.0331 196.3045 165.6514 149.9198 153.244 260.66 272.7231 134.5696 147.5288 183.1745 258.5404 262.9162 227.7677 138.2137 141.6361 188.6737 252.4424 255.448 200.9001 168.0652 229.8846 255.2993 183.8556 72.38644 56.92259 55.96257 59.64232 261.926 264.3316 273.5342 273.3039 162.2625 121.7747 117.3466 124.634 175.3807 193.0619 171.9013 110.6806 102.8021 118.9725
200.3434 229.0053 115.6907 99.35773 97.46435 97.96902 101.3195 111.6529 120.813 115.9645 177.493 215.4574 199.8585 180.3575 213.0049 210.4313 156.9789 158.458 182.0902 202.6566 220.0728 235.4879 202.2245 154.0521 153.7448 161.5809 218.6598 252.9592 216.4137 149.2844 155.6763 235.4684 263.1015 242.5 186.9224 149.0411 152.4045 223.6859 245.3995 224.083 181.6244 194.8697 251.953 247.8374 226.7404 68.84174 60.92376 66.99139 59.84529 334.0601 289.3597 282.4863 274.4826 122.101 115.2011 103.1139 97.67822 121.2278 196.396 210.9638 92.36302 77.74933 83.27869
169.2847 224.5895 126.7575 85.7503 78.43568 79.69254 87.65336 100.0169 118.3499 121.9984 145.9545 196.8887 211.354 239.9559 270.8672 120.3632 129.6343 143.8694 192.0096 215.5969 205.025 197.7665 175.4995 160.6352 166.2628 197.6433 223.5641 221.1074 186.7828 168.3692 207.422 252.2121 252.7893 218.9124 164.861 161.4917 212.3675 278.2627 279.6328 250.6154 210.6631 256.5889 249.7314 236.7944 239.2462 235.6698 73.35424 62.79335 31.0768 342.9557 308.8998 286.4887 243.9891 110.3105 99.04669 82.01102 78.13432 85.25656 156.2029 251.7994 30.92693 79.66991 89.44061
138.289 223.3475 193.2993 77.14194 65.87331 68.85988 76.83441 82.62835 98.68119 117.4622 130.8155 180.3248 217.9673 234.3911 225.1899 152.631 138.4544 162.2353 217.5348 265.7541 294.363 100.7766 120.7544 151.455 197.7768 206.5024 218.9783 219.2445 200.0813 237.0767 263.3479 278.5981 264.1884 171.4163 154.4819 206.0381 277.2887 294.4131 297.4506 297.6737 295.6718 297.3733 311.0655 307.4959 283.9305 285.0406 52.75101 41.73038 23.93251 347.3513 309.6836 273.5087 189.4122 101.4949 113.8421 111.2614 97.76298 100.1525 120.0695 280.6857 137.0025 116.8011 114.955
96.05585 198.798 208.1618 177.773 81.27657 77.68603 80.06908 81.78288 89.40919 97.6603 105.5113 149.2268 218.6781 225.8211 224.0608 172.0305 127.27 271.0972 316.8039 317.7047 329.8262 44.32949 67.68712 75.31429 235.0493 203.1743 227.0765 240.6109 265.021 296.5121 305.4579 299.3128 304.1247 116.2604 154.6329 259.601 267.6965 255.1245 212.0872 201.0756 232.1021 263.3019 283.5905 314.4192 312.8809 301.415 110.4895 101.6261 103.0156 178.2134 230.3129 244.6705 250.7517 81.8811 101.4868 135.7937 135.1052 139.0157 269.863 174.9428 139.0331 131.4392 124.8837
77.24503 102.5599 209.3241 213.2419 132.0346 94.41115 90.75877 88.61095 76.26558 78.08295 92.05239 112.2176 219.3752 230.8739 244.9789 232.0664 56.83544 306.0623 327.7701 342.6411 328.2787 64.41448 82.2557 87.35948 175.5182 192.1447 231.1632 254.1457 263.0931 265.4815 262.8283 216.7752 161.6955 146.8742 232.2708 286.7655 289.2143 295.6897 342.779 216.8681 225.0755 236.5542 245.021 256.8372 288.5215 103.3887 134.587 146.3771 149.588 177.1649 224.8525 241.0758 268.2946 53.65256 79.41164 105.4726 122.8036 178.4825 202.3331 143.5085 136.965 126.0494 82.45907
84.14655 66.36098 114.1375 218.8021 194.8427 92.94663 90.34078 75.23999 28.96651 44.88989 54.87489 64.01909 150.5642 217.8499 230.3499 215.2568 237.5408 283.7444 303.3195 37.97778 135.6037 127.2945 110.4244 106.4486 139.3385 191.7286 222.9746 238.8279 231.8397 217.4954 204.801 174.3406 162.427 210.532 299.1485 314.8343 318.5276 326.0734 5.012752 27.53744 345.0352 271.9436 261.4743 262.9126 261.2871 94.21333 92.08076 88.5471 73.92072 42.55074 251.6234 250.1026 263.2479 44.64554 69.54083 52.46009 51.19832 48.04879 148.3501 105.3293 44.19548 5.270372 21.08109
