inst/extdata/aspect_rotated.asc
ncols         340
nrows         316
xllcorner     528502.52992
yllcorner     274871.653426
cellsize      100
NODATA_value  -9999
[rows 224 to 251 of 316, columns 0 to 62 of 340]
229.0109 253.898 246.3408 136.1451 125.1604 184.2007 216.761 206.3009 69.88563 79.8824 93.16666 63.93898 356.8032 319.9507 322.6656 60.2602 63.62051 320.899 298.5988 321.5528 320.6198 303.3254 288.947 281.3225 286.8404 295.4534 296.0258 292.5543 286.9771 287.6025 295.5511 308.5561 323.4042 331.8834 333.9021 337.5039 346.7012 3.815864 30.38854 57.28433 64.40468 62.89479 76.03954 83.99373 81.61173 78.76126 80.20347 85.45657 93.24095 117.6586 134.0336 115.4614 77.205 310.4359 270.6787 232.346 241.9114 270.0989 281.8952 348.4638 6.013749 328.5086 321.1369
270.2368 268.5569 235.2788 137.0426 122.074 188.6764 253.7955 285.1716 13.10984 50.95742 50.51518 1.922504 343.597 339.3676 334.2758 53.97137 53.41694 336.0402 286.51 295.4063 313.5405 306.5917 294.797 285.6841 280.8228 281.1137 286.2051 293.9153 297.5842 296.749 298.3636 304.1084 311.333 322.368 333.1758 331.4577 165.9295 152.4227 134.477 110.9805 95.74417 85.63704 84.31268 80.40508 72.14538 67.80495 66.02421 62.50182 47.93336 41.76788 68.28545 77.44917 322.705 321.3786 8.826121 325.1414 268.8138 276.0568 289.8813 311.0558 351.9928 348.2715 333.0509
284.3788 274.0724 233.6462 116.0449 118.3779 216.2714 261.7681 274.3335 336.2314 57.07416 43.55384 358.0803 337.1747 346.2669 351.4283 55.8655 47.33447 6.391187 288.7194 275.9492 288.1099 299.5581 294.4416 285.9955 279.8798 273.5389 276.5347 288.4227 295.9762 295.1309 289.0688 284.5432 284.7534 278.0731 171.6825 166.5304 159.6358 156.9495 151.5692 137.9011 121.1978 104.4444 92.35036 85.13962 75.54971 66.09257 65.01195 59.85777 47.76971 57.51402 52.42573 40.77645 340.1468 271.7614 0.04977709 10.41612 300.2222 270.25 278.9267 296.9848 327.4362 347.375 339.2123
307.3767 295.8869 127.8235 115.3392 123.2233 242.7099 264.0749 249.9893 191.7533 136.0861 102.6638 351.8878 139.2364 174.2862 163.3785 145.8578 30.66035 10.19269 324.7126 281.1765 270.677 272.9044 276.3062 271.6259 265.1073 264.4649 269.8941 276.5554 279.3145 274.2621 265.316 256.6349 242.3048 193.5786 163.8789 166.4974 159.2926 153.8605 149.0849 145.9167 134.975 118.2215 110.1123 113.7906 126.7258 124.5392 98.63266 81.94804 74.08311 67.42274 35.10202 37.52753 43.27293 262.931 256.7846 335.1187 344.6698 292.0509 267.4197 275.2695 296.0116 340.5499 340.2406
355.38 258.045 132.0269 123.671 142.9976 262.2084 262.3058 215.6057 172.7974 164.8278 186.3897 199.4909 145.2326 165.7355 165.4119 171.3323 232.0558 279.1342 315.5309 274.7744 261.8626 258.7087 264.9799 268.4214 261.6834 258.4291 259.5726 259.0053 253.5826 242.6588 239.6467 233.9741 215.1958 183.6166 166.8168 165.1094 158.7383 152.0448 144.6934 151.2778 153.819 141.5394 128.457 122.5298 133.7081 151.7654 147.652 125.8228 96.3308 61.18172 29.9962 49.46983 50.35363 358.6185 298.7573 295.5353 333.5591 340.8517 314.8479 290.4676 285.5835 310.6371 320.5274
192.3774 183.2402 138.5215 132.0494 214.1597 274.7346 267.828 196.8502 146.956 149.4891 202.1729 221.2398 130.0961 151.8831 168.3443 169.9817 226.8007 211.9813 221.7942 257.8782 264.1554 268.2129 272.3987 271.807 259.8058 252.9442 248.3626 241.0335 230.5515 223.4298 224.9166 217.8798 202.7732 182.4277 171.2846 165.392 162.8164 162.2745 146.6207 148.7674 158.1251 152.8069 140.5024 125.6409 126.8364 145.6137 161.883 162.1414 146.6329 127.0706 128.7388 70.06339 34.72223 11.40755 329.6195 299.6059 300.8832 323.4113 328.7373 313.7076 301.5351 311.3331 144.0899
202.9947 188.9746 135.9479 142.167 270.5985 283.8208 286.024 128.7444 116.5543 116.5197 215.4069 243.1027 111.9028 121.5263 167.4633 203.236 258.7451 262.2727 267.8183 269.4131 264.7207 256.8251 247.7496 234.6872 235.2125 246.9273 240.8851 231.0052 224.2637 220.6322 218.2195 209.7917 198.6683 180.9178 171.3026 165.3201 161.3595 170.7629 155.4439 149.046 159.6928 157.6001 149.8504 132.6756 127.5182 140.6868 163.3022 183.178 172.3077 151.961 173.9057 206.9259 341.6918 23.19154 339.9839 294.0176 284.1595 283.253 288.3995 285.5391 265.4305 150.9053 161.6347
211.4296 186.0697 146.9213 235.753 283.6885 286.3163 288.4022 86.98705 98.81363 112.0497 195.0468 238.011 140.8978 109.2733 154.8801 252.6049 268.218 274.9925 275.1539 266.3596 250.4358 232.8458 225.9654 224.6148 237.6193 243.7865 226.5199 224.621 227.5158 221.3174 212.1711 204.3409 191.4193 178.1006 171.6699 170.1395 161.7123 169.6678 160.2453 152.2003 164.6747 165.7977 158.5809 147.5482 133.0976 132.5996 160.1022 194.6244 176.831 150.763 185.003 218.878 229.936 282.4124 333.6481 289.6046 261.857 243.8179 227.8624 220.291 208.4311 154.7054 155.5237
204.3585 190.1359 225.4125 298.5273 293.7642 286.1892 216.2548 129.3139 101.1536 100.6066 172.5523 238.9862 165.9366 108.4288 152.874 240.4465 234.6683 230.511 237.4555 242.517 223.7509 211.0928 223.5961 231.2709 235.2092 222.7913 202.2344 214.9949 223.8742 210.8704 201.3128 197.9518 181.958 173.2289 172.1357 175.2715 168.458 168.5146 157.4989 151.2672 163.8193 169.2799 163.1705 158.9133 148.4782 123.3172 141.0662 204.4228 179.0887 145.9066 194.4579 230.0506 235.8175 241.1439 268.2443 285.7268 253.5327 225.3166 219.4157 218.42 206.3919 170.9038 162.4444
202.5318 245.5332 283.4071 282.9063 267.5869 268.7061 118.0456 141.8411 146.0492 121.3434 156.4625 240.5338 195.1525 105.6645 145.4747 248.8804 242.2682 233.18 239.1492 240.8538 194.7036 194.2061 221.9981 224.991 216.84 206.2245 202.3246 214.6891 218.9053 203.7991 195.9157 194.6055 179.0274 167.2629 169.0933 171.2177 173.586 178.601 152.7217 138.1891 150.9771 166.5961 165.8901 162.3628 167.6853 129.8698 119.2281 217.384 174.7576 142.9263 205.7531 229.9511 233.0329 229.4365 227.6348 224.0679 200.6352 208.4239 215.507 211.8254 204.4137 198.5291 214.9593
292.959 290.47 268.6163 256.2852 266.1455 270.0531 80.09043 83.31657 97.07784 103.6031 132.442 228.1422 202.443 121.2888 147.5451 244.7806 235.6698 241.8811 254.0319 244.9276 156.8015 178.5465 215.4772 212.915 206.5625 210.9047 218.9219 222.6948 219.6243 207.3698 196.4352 192.0407 182.0683 164.3154 163.9266 161.3996 176.9865 195.3125 163.8062 123.864 122.0029 147.9731 158.9243 161.1049 182.1687 156.8478 132.9779 219.4895 162.2161 131.8751 198.4792 221.5179 231.3679 226.9032 223.2917 206.5737 182.7567 199.0571 204.6376 204.1112 214.5672 228.8921 225.733
335.586 327.1089 317.1268 303.9851 290.0656 258.3537 111.4248 59.10035 55.94302 56.86945 63.75933 182.7573 197.7058 152.65 174.3477 262.0429 277.1286 292.3831 286.3045 241.3872 133.034 165.8408 238.6991 242.2728 249.3307 258.5407 246.8476 226.0787 220.2329 216.1874 193.4954 184.8671 188.9686 168.4272 153.1681 147.5623 179.9673 201.6948 177.4501 145.6367 111.1752 82.48696 77.50174 104.7421 167.6528 170.8778 157.4442 231.6782 172.5634 102.028 176.8202 230.5598 237.9676 234.4913 226.9445 189.2188 179.8918 208.6389 217.766 227.2499 242.7767 232.4073 199.4884
341.4137 337.4521 333.5044 316.5512 236.8834 206.9714 201.5236 135.2249 83.1483 56.77954 57.22118 69.42394 160.9047 179.4602 252.9521 288.9423 299.1943 289.0266 259.2972 167.482 131.7375 192.8912 263.7879 274.3708 280.562 270.9359 223.9056 211.3718 223.6127 221.0647 182.5699 172.3326 192.2218 186.5603 155.4525 128.7166 170.0665 194.2827 180.1453 169.6316 155.0448 145.2776 77.66248 73.51308 90.85503 147.1435 176.334 232.5143 214.317 104.1949 143.1545 247.0717 246.3763 235.7249 207.2772 175.6646 198.2761 244.9986 251.7855 246.3218 232.2955 210.8272 190.5139
0.4732259 335.4546 325.7575 131.077 158.8439 199.2927 208.9041 179.0893 134.1994 93.29256 93.8524 87.84674 94.93354 219.3124 270.6914 266.9716 227.8527 199.7085 188.0888 170.158 159.4868 245.8179 271.3792 264.6571 254.542 213.0042 179.7967 210.1072 228.7095 212.2292 175.8774 164.7968 187.1756 193.83 182.5605 137.5293 140.8148 176.3373 185.0767 182.2085 170.5872 177.5444 166.1666 136.6102 95.97022 93.77812 157.1911 235.5139 217.8115 117.2158 150.1083 236.669 227.2159 212.1087 192.8811 196.506 249.9468 255.7957 234.4872 203.1205 202.3379 198.5813 189.988
28.41472 94.42034 156.0645 143.9262 152.4876 202.619 209.9512 213.7364 222.0304 98.49474 106.3208 116.1768 114.9417 255.8906 261.2771 206.1178 188.0266 185.5066 185.7089 185.4307 230.7352 283.7385 292.1878 288.387 254.1873 172.5441 167.1915 225.2576 226.3338 198.4575 172.2341 162.5877 183.0096 202.7874 204.6127 161.1446 123.7619 144.8056 190.1619 202.1672 167.0216 152.6125 163.7684 176.7156 137.7415 78.75739 84.41005 247.6787 222.6571 121.0527 150.8174 224.5039 216.8873 214.1488 229.9159 259.5073 243.7924 225.12 207.8952 185.7369 198.392 192.2654 191.8774
105.3458 105.7707 123.9595 133.1634 151.6118 202.8217 223.3678 246.5003 238.996 97.27077 85.43529 92.48875 119.0596 227.4886 229.7313 186.2287 211.2126 275.8351 317.4416 325.277 316.8651 305.0099 286.7938 251.7594 197.9894 154.4439 174.2174 241.6445 235.1856 184.0591 163.0167 161.3325 199.0053 240.2757 233.7478 165.7286 125.0794 120.6016 179.0239 221.567 200.6272 108.229 120.249 192.1578 224.4711 92.00124 92.93627 223.8485 214.0251 126.2298 147.7114 253.9757 263.4536 271.3676 269.7352 235.3893 200.7876 215.9749 203.7056 184.9788 190.0719 185.1065 203.4815
168.2131 70.73242 69.82708 84.91659 119.9795 201.0942 237.3959 247.7157 206.6323 127.4485 117.3959 109.1744 125.1963 248.8586 273.8396 317.2478 329.3313 332.8864 323.4874 318.5259 312.8993 308.4703 270.8622 190.0253 160.3912 161.4781 218.3138 262.5104 253.0768 147.3499 137.4794 165.6686 234.2524 242.0208 214.1517 166.0287 130.7577 114.6847 154.1085 222.4668 217.0543 132.3906 106.3579 170.5146 226.5644 136.5475 98.75161 186.1894 215.6562 129.1706 169.2921 253.5355 254.0061 259.3553 249.5777 180.2463 195.0337 219.8572 194.8174 189.1004 177.0343 181.3193 215.2415
181.9694 180.022 102.9489 78.09692 87.08356 195.4403 254.8024 260.991 225.4035 98.10603 91.94875 93.76289 105.639 261.1642 274.1134 285.0883 252.9696 211.0191 244.4469 262.631 255.3067 230.8371 200.5461 140.3699 138.2539 191.2432 262.7566 253.1346 214.4434 163.113 121.2444 166.0063 218.9326 213.1989 210.0787 197.1326 117.0217 93.84721 108.3214 214.8564 219.2142 174.853 108.5991 130.5233 228.7007 189.9601 98.95995 128.1151 206.8288 142.2243 190.882 250.8146 249.6581 251.5245 232.7069 145.9744 198.2593 218.3913 190.4722 199.4768 173.7247 167.9281 205.5367
152.9494 172.3981 178.9457 116.7859 88.21993 118.0556 256.605 243.9643 204.0123 109.0163 60.41941 72.36989 78.60967 241.1194 231.0691 208.0806 197.37 229.3596 272.7401 274.4804 213.446 211.963 207.6718 123.9627 124.1849 253.2096 262.0134 204.1761 197.243 193.2241 131.7307 148.3996 212.9953 232.8195 255.2844 262.657 87.34566 79.6102 81.33627 153.7259 211.3304 199.9117 124.6747 110.2054 214.4516 217.87 110.7816 110.9304 189.3017 167.2613 266.7121 289.6956 302.5619 270.7749 204.3978 151.2665 192.0829 223.3109 223.8082 231.657 161.0447 144.7625 186.7171
98.43358 124.7748 182.2614 179.9654 94.40675 105.4826 228.5716 218.9835 220.8385 235.1858 99.53915 86.63115 80.31329 168.3833 221.9079 227.9065 264.4555 287.3156 268.8437 210.2393 185.4941 222.5548 213.035 122.571 132.4089 234.5218 219.1941 185.2801 215.1839 229.7051 124.1286 129.968 236.91 272.0567 287.9563 266.1932 141.4144 108.9058 76.73584 78.62202 168.6901 204.3623 177.0014 114.4396 187.929 231.2589 133.2502 104.8786 162.4937 225.8151 277.8542 283.8569 282.0364 194.8219 165.985 160.7175 222.0173 263.1477 272.5686 200.4579 141.283 138.6709 188.3161
78.5891 73.26547 105.1768 190.8426 139.791 119.9175 232.6851 259.4168 279.0602 287.8422 95.12991 87.49895 82.79538 97.24309 249.2144 272.4562 281.8353 249.5142 193.6108 184.528 211.5713 229.8671 185.7558 134.7226 152.286 236.8453 236.726 259.4949 289.3137 285.7007 113.8948 126.1083 271.5169 276.7404 269.8091 140.4797 143.7477 171.0951 100.3682 66.57885 74.24446 183.4222 191.3587 148.0731 157.1138 229.0955 165.0974 114.1337 160.8142 269.1122 277.1094 255.011 194.3581 164.0568 168.5399 246.4677 303.3004 298.4695 265.6573 143.6274 137.492 139.994 213.4137
169.9922 70.19604 67.34605 105.762 140.9218 146.9536 258.9498 274.1126 269.7374 190.2039 116.9699 101.8926 88.24217 85.11086 263.3123 253.2195 207.9373 188.2561 177.0476 198.5263 229.4179 200.6548 170.0242 154.8873 218.3253 290.0685 313.7936 323.9888 307.8228 135.9949 124.5023 208.5818 285.2296 281.4064 238.6541 137.4 128.3426 182.1166 198.5912 104.0008 58.90418 41.10551 83.57915 149.2873 165.3576 214.4796 176.1112 125.0423 260.0241 284.2645 261.1786 201.9421 176.0603 172.2936 223.7168 280.8023 302.2045 316.2788 91.44891 112.8476 104.392 109.9629 227.6495
191.3333 165.2903 83.93224 65.03573 84.17236 145.6394 263.5904 267.04 247.9644 156.454 134.5206 128.6268 111.3199 106.0419 213.0043 215.5077 189.7465 184.698 184.9793 208.3644 213.5102 188.5836 177.2577 232.6565 297.2926 297.6979 298.0717 275.0276 164.2598 143.3766 140.0173 275.9649 288.872 287.2495 197.7953 130.5968 113.1481 155.0627 199.8837 188.8791 125.8087 35.40903 42.52714 57.06358 97.9975 192.3167 184.2924 161.9044 283.2856 256.5199 187.1931 185.5432 180.4182 245.2095 287.4808 285.954 280.8416 305.0381 90.11847 106.0073 103.0405 97.19292 214.8052
204.2113 191.2501 158.8192 99.78141 83.71599 85.98489 265.8698 261.52 244.1679 125.1173 114.8612 130.9724 124.7389 128.1988 256.2227 299.4493 323.6827 340.8325 349.2308 328.7256 252.065 214.9476 266.6534 298.24 303.6928 290.2078 250.717 148.2247 142.8479 151.3375 247.4656 290.0938 290.7054 245.934 150.5368 145.9432 104.9017 110.2855 193.0357 214.8769 214.9433 238.5393 56.97312 64.77595 84.37372 138.303 217.5306 244.1145 232.7752 196.1925 202.3956 289.0545 324.6917 319.2249 310.9397 307.1966 292.9816 175.989 115.5586 115.9839 128.8576 117.444 185.9285
212.9464 207.7615 159.3562 153.3209 107.2825 118.4276 246.9324 241.1243 233.0893 142.5684 106.5047 117.9223 122.1133 161.6365 302.6486 328.9482 345.2542 350.5039 355.0451 2.595627 2.768348 354.4023 308.3315 278.1127 270.7196 264.4725 196.4555 133.1053 122.318 179.4385 276.0576 277.6053 248.2946 157.4774 141.2406 171.6575 152.2665 108.1277 168.1073 218.4171 219.0331 239.7746 109.3763 99.2956 103.2295 117.7614 257.2769 263.8801 281.4606 315.7597 324.0957 331.6533 332.9677 322.9561 320.5548 321.2723 330.5487 90.70895 112.2732 115.7515 110.0555 97.39363 143.6293
206.4581 200.9405 162.323 164.2421 123.7163 119.2786 249.9236 257.6228 255.4123 137.3162 114.5708 114.7697 120.7388 268.2587 281.4661 276.6053 232.1544 223.5488 281.1352 343.7254 3.979438 7.125989 350.9787 303.9536 268.5231 239.3196 155.7735 130.1371 117.0848 246.592 260.6863 237.5839 222.8058 164.6261 115.2599 156.314 197.4322 112.0643 130.159 218.1167 240.9726 251.3023 141.1211 104.0439 104.2136 134.7277 270.4919 304.0148 331.8464 334.3008 326.0403 325.207 330.1541 319.6039 321.0789 325.2083 176.9383 103.3898 89.78117 98.09325 110.6103 108.4164 116.6026
234.0614 183.4317 163.3374 169.069 149.602 144.2386 266.7161 271.8109 263.5373 116.8314 115.7552 118.0967 127.8646 274.009 255.9137 213.3885 195.5166 213.2499 245.3708 268.7044 324.2596 0.3716014 0.3537063 347.459 342.9942 354.9754 106.4116 118.5893 125.4539 250.3473 262.8889 264.1815 269.0712 138.6044 106.8934 126.6214 213.5687 142.4578 97.13194 229.9933 251.9964 239.2917 148.4088 104.3523 99.87921 138.0981 278.8134 292.0827 302.5276 290.056 267.8717 276.627 302.618 310.6513 201.5655 145.2014 175.567 166.5797 118.3971 100.7368 87.84957 86.45309 86.67018
20.57104 44.53516 56.93931 53.96361 87.91964 146.6441 249.0724 248.7508 214.2561 126.4749 115.3167 121.0209 268.934 295.3975 301.9964 312.249 321.045 314.9286 286.4821 254.0079 241.4595 268.8931 323.9559 342.0137 13.945 49.95425 76.05351 89.05858 111.8928 253.1189 269.3381 278.0503 270.0759 121.199 102.8855 110.7601 201.6126 215.7183 101.2169 180.6088 228.0275 215.0984 164.1742 108.3901 100.6921 277.4507 272.5898 248.2523 204.2249 212.0632 235.4155 251.0448 243.1441 196.0594 153.6961 144.2681 177.7927 173.5915 144.1567 156.0994 89.24955 41.58273 46.0416
