inst/extdata/aspect_rotated.asc
ncols         340
nrows         316
xllcorner     528502.52992
yllcorner     274871.653426
cellsize      100
NODATA_value  -9999
[rows 84 to 111 of 316, columns 252 to 314 of 340]
304.8976 328.3864 329.1697 301.0118 56.2394 52.45589 24.64318 2.105458 326.7759 345.4605 8.269427 13.2672 35.1398 35.90418 31.67908 39.19306 67.89297 106.9132 123.8308 230.4811 228.5242 214.3894 217.6497 181.8468 122.5291 107.1521 133.3701 254.8184 237.4391 111.5445 104.19 121.606 237.0185 221.2007 167.5068 149.1509 142.7547 142.1099 141.8027 136.1985 149.8014 142.8414 91.83276 337.0602 355.7026 9.754414 13.92603 28.92908 146.1883 227.5383 229.379 212.4554 189.9461 174.0912 160.1106 135.0002 66.21133 291.5361 272.0838 233.95 222.6192 230.7364 235.9356
298.9947 290.1216 252.5886 193.6699 162.1186 157.9036 159.3137 197.9159 239.5244 164.6061 161.7487 169.7479 169.3176 107.2106 92.40665 89.21272 87.81918 95.12229 112.3343 228.0402 244.7893 238.6787 226.6796 195.8631 133.285 112.3326 151.3282 249.0027 201.2917 135.6099 123.4463 142.9487 204.8318 183.1744 156.4039 146.553 144.2501 139.6237 135.3136 130.2856 143.2525 191.5545 315.7792 330.8757 355.7702 7.849544 18.38689 36.73425 47.10371 227.6051 214.8784 196.2065 186.4436 188.138 186.25 159.7598 251.4126 247.1478 202.851 196.5745 212.6197 220.2221 211.3511
254.1454 185.198 183.6594 176.2581 166.5732 174.1535 177.656 215.4263 224.6816 167.9933 156.9024 162.2868 173.3826 162.707 142.9156 139.5042 124.6473 106.8849 99.62061 255.9637 266.9975 262.1018 227.562 199.6356 139.8126 124.4148 182.2535 248.4706 156.7061 123.1113 121.3678 135.6942 181.4708 172.6387 147.642 142.0826 153.1886 148.3631 132.6986 129.4169 144.2816 305.756 316.382 336.1674 2.85766 16.98968 35.17946 53.48915 54.17832 38.3455 44.10532 157.3798 174.9341 207.9858 214.3532 209.8109 213.3781 196.6622 181.6982 196.0319 215.3204 214.5529 212.0441
185.0951 177.1584 183.236 182.5313 176.8082 188.2498 198.5611 222.2619 224.328 183.5686 147.0663 153.822 158.7367 157.7998 144.4478 136.1092 124.6287 104.2336 93.50733 269.7826 270.6728 229.6737 174.6664 176.6563 163.0014 122.0164 198.3415 231.342 146.9556 119.477 112.6417 106.9051 129.2368 152.6501 136.9152 130.5225 155.8527 158.9895 136.1537 105.3375 316.3587 295.3377 303.7693 338.0255 28.58341 58.16007 82.23618 84.33314 72.74688 51.8428 35.91306 30.03997 39.99766 167.8453 226.5758 225.5465 177.847 157.5576 198.4348 219.5045 209.7109 212.6508 225.7362
192.8069 196.4026 216.1507 261.4786 317.8219 320.3445 308.3674 270.8141 267.7202 302.1742 72.64593 78.04982 62.44403 61.28279 77.38194 86.2103 90.19791 101.0533 105.112 283.4835 275.9466 150.1084 154.9159 177.2676 230.6752 38.50636 94.26142 183.0342 157.1583 129.4155 117.2171 109.1682 109.5324 121.0773 107.5942 89.69386 105.3048 143.4494 76.94036 7.691366 303.6256 277.0199 270.8925 271.1934 83.55399 88.48445 93.36971 87.90818 75.42494 54.09954 17.02682 12.3262 34.01276 59.53445 200.645 207.3175 177.1141 177.7158 217.6868 208.2084 184.2439 203.701 214.1365
343.3377 336.0747 325.1223 306.1263 329.5114 342.4303 354.9859 341.0073 312.9349 343.8449 30.4504 31.01287 12.88787 23.7692 45.31468 58.34747 74.37493 87.0839 83.89522 275.4262 246.0277 120.3007 134.8067 247.9526 276.2976 105.2186 107.9952 142.4426 164.3521 128.5786 106.9088 112.1294 116.5097 100.9401 59.18856 67.55909 33.70796 2.007956 23.6152 18.84888 277.3823 264.3179 248.8729 211.868 141.2579 106.9657 91.91267 82.38376 74.6497 40.73193 350.2361 12.72117 51.44973 70.6743 100.1049 195.272 194.494 257.9263 306.0005 2.329431 81.37258 158.9203 186.6459
354.6439 0.1304772 7.656507 296.1806 266.1879 289.4332 347.1552 347.1537 314.287 340.5938 55.33602 54.71038 16.17339 36.46082 65.10027 75.4286 75.08286 57.83332 65.41789 222.2503 206.9045 105.3002 105.1688 245.8863 239.3369 146.3176 118.2996 127.8556 212.8039 28.66653 65.18542 86.52352 106.3539 269.5446 20.26007 32.2702 356.1419 6.497631 40.16136 46.51169 271.3451 252.6344 236.2314 211.4139 170.2358 120.7708 88.97916 79.44702 68.94342 18.57824 331.8408 40.35808 74.43097 76.74274 78.7492 25.01562 300.798 314.3489 332.263 49.02095 101.038 118.7215 329.9556
338.7261 7.892711 20.34266 5.368579 323.4142 286.4254 303.1438 335.0404 292.6651 181.5361 107.2957 103.6497 136.9197 98.4529 91.15673 89.98919 77.17025 48.54262 69.6769 102.2197 207.7085 138.9141 106.4056 267.588 273.5471 92.953 101.8266 125.12 290.8922 341.3558 51.50146 76.51316 89.40132 241.507 267.4597 356.5457 337.9952 30.51456 65.32135 43.11004 333.5769 278.3478 269.0168 280.9002 2.29054 73.1052 56.478 47.69109 35.17878 12.88968 352.8703 44.46799 69.50706 77.27573 85.80537 317.3865 302.9668 318.9676 20.73998 103.1038 122.2447 326.3227 333.5665
321.5626 0.9087198 24.24682 19.39863 1.886648 324.4063 302.1403 324.0376 277.052 139.1202 112.8139 115.9077 164.3935 155.4274 107.9722 98.56005 92.95727 90.10152 79.60775 65.47996 111.7811 156.0022 159.4381 239.7744 255.5977 92.43495 91.83662 307.3496 302.6709 6.138756 85.88909 93.70622 91.88688 189.8357 216.5191 235.317 233.0146 117.7781 77.65138 350.0193 354.2224 337.8498 319.3731 338.2035 30.32265 53.19574 45.62483 46.56937 33.51035 18.61083 18.77195 56.40978 86.41103 94.32795 84.78741 317.4704 304.6884 271.0984 129.2446 116.9417 332.7076 312.692 307.5914
323.8115 2.125811 40.38287 40.46866 22.74773 348.8434 328.6096 347.8917 119.3934 106.6376 101.8441 101.4532 134.2626 159.0714 129.7825 114.258 98.54311 94.72164 98.77685 97.0962 92.33353 102.2194 151.2365 215.0874 224.5893 152.268 117.1845 260.9033 285.4164 53.71653 90.17987 99.83686 105.0791 133.2078 220.1463 231.7759 200.0494 135.8871 321.4169 333.3234 2.528567 335.334 317.3072 10.49693 75.69025 67.92601 48.37875 46.31903 31.629 33.29653 55.39375 83.89494 93.93802 95.76545 101.9375 262.7301 218.5428 162.5928 150.1762 224.4339 309.9666 301.3518 149.715
234.9633 157.1095 134.5194 130.9405 163.2529 211.2166 185.9249 150.8718 167.8082 120.3305 107.5181 115.8106 133.4246 151.7984 149.0729 138.9241 16.61613 35.7008 54.73513 51.05724 24.71254 29.3142 47.28037 139.34 213.7193 167.1004 142.8117 246.6949 254.759 49.30548 75.977 92.12659 117.7844 137.7158 275.8577 274.5636 286.4999 326.3338 287.281 279.565 40.5327 291.3643 267.7155 125.0187 111.4873 77.06571 27.45783 9.780341 24.02872 51.87644 72.90475 78.35883 78.64772 77.86938 70.93489 226.8139 184.3329 141.4209 326.8237 317.3859 335.3507 5.39789 33.47962
189.8646 171.1334 160.6595 156.1825 194.6876 220.9877 176.8377 158.9314 178.5904 171.731 113.908 111.4107 126.4193 139.3475 156.3343 194.7746 267.6591 344.0198 23.43442 17.01819 4.099584 24.9164 49.63038 61.21643 154.1922 168.6831 172.6438 252.8114 258.3418 237.2888 99.97416 104.6868 131.2239 236.0513 297.4162 320.9591 344.9487 342.8123 236.5212 213.7358 212.0127 243.9034 197.0197 137.9917 124.7823 85.24529 334.0446 350.9775 32.17393 59.4272 75.00064 84.49196 88.57896 82.22578 33.13756 340.416 352.7961 4.59047 332.9861 309.3372 328.3838 26.43346 58.25236
186.9594 173.3964 172.0383 188.7712 262.5151 262.6817 146.4399 144.9728 175.9024 203.6047 122.4182 100.1048 108.0417 120.3011 142.6645 193.2629 232.501 250.3376 332.722 8.460262 23.92598 65.38179 79.4623 80.95908 84.69395 125.9038 225.8902 265.4099 269.1224 171.1995 113.5373 111.5618 153.308 304.804 275.9859 277.7732 346.3607 94.26594 217.072 262.1957 270.5099 260.5252 171.013 139.39 155.3148 216.7853 291.3943 335.014 57.01067 78.15537 89.16432 98.49889 98.58583 86.22569 6.859448 309.4404 335.3835 9.390479 338.8781 300.0391 286.088 106.0931 91.62209
196.7099 185.0244 229.8569 277.7749 272.6796 204.6171 132.6326 122.5124 160.1651 211.2439 160.4222 112.4244 86.56811 31.43756 28.92895 59.33267 225.206 226.8982 228.7129 220.1443 107.6675 108.2154 106.0431 100.611 95.31496 105.5244 223.8186 261.9932 250.2102 145.2252 115.0797 104.8671 320.3157 0.5267934 234.8733 234.6676 203.2247 109.2902 310.7858 296.3075 294.011 296.6648 114.5999 126.8353 162.76 227.2231 259.5874 226.8055 108.9012 105.5637 107.156 107.9905 101.623 85.69796 331.7454 284.0316 296.2733 354.1477 328.765 298.7046 157.4915 130.5829 101.7877
341.2495 333.9584 294.4439 268.2343 234.3803 170.7935 144.0028 120.6017 119.9353 189.7414 171.8773 138.9087 15.72388 6.406446 36.58234 65.11898 121.8861 232.4415 240.7197 195.3966 137.6575 128.8112 118.6336 110.4724 107.1191 121.5562 185.8803 233.5526 208.7301 154.6613 128.7867 146.6504 265.2166 118.1458 155.4979 226.8417 226.3977 278.7943 317.6181 310.3159 304.7519 69.07458 123.9318 129.2358 165.372 226.9835 225.2922 186.625 142.5775 123.3544 111.4097 101.024 88.94821 75.17465 316.648 263.9155 240.3518 225.2425 237.3967 178.093 143.988 129.205 96.25318
5.993483 7.202578 357.9318 272.9834 236.0876 137.3363 130.8501 141.3325 118.875 135.4536 167.1372 194.2324 249.5705 139.482 125.4873 120.0548 126.0296 255.4883 245.6799 164.9571 127.2368 123.4817 117.8779 104.9771 72.26961 65.29626 109.1606 203.4017 189.1733 158.4115 135.7023 192.5616 210.5947 146.3936 141.8975 231.6662 250.3307 283.2203 314.6188 329.549 352.3681 114.3631 129.746 134.5953 173.0036 215.3239 205.4407 187.8933 163.9235 135.6829 101.1527 82.92263 71.14837 48.30804 356.1771 265.165 227.5116 229.2413 207.5749 166.1732 170.7937 160.6909 81.99928
22.19902 30.96 26.94689 345.467 7.265384 78.65113 97.83149 126.8426 132.6746 130.3513 158.3649 210.6597 212.7276 152.4305 137.6641 143.3405 170.2058 243.7527 215.4638 158.7133 85.63936 74.55968 64.80011 26.51012 26.38297 48.32506 45.65939 26.15213 45.52615 108.531 126.9625 186.3401 177.1105 133.3947 128.1569 269.0096 269.5471 275.9264 295.0135 344.8599 86.41724 121.7991 130.4231 138.9914 178.7541 210.0122 206.5325 196.2646 187.0561 165.8543 100.0462 82.33098 57.83434 22.14523 7.259951 350.9571 312.339 312.2543 359.1809 43.50943 303.9706 324.7943 0.7240556
41.38185 40.59087 31.85011 10.95052 41.77851 62.93355 60.90486 53.71276 72.20081 98.22521 142.5697 189.0444 186.6493 157.3257 137.6872 147.9116 210.8956 221.3623 197.5855 208.1048 71.66638 58.67776 36.6676 10.22755 37.64207 56.93465 48.24878 43.80019 79.08669 102.091 131.4238 163.9035 155.5297 36.27183 347.3607 315.8568 284.5451 269.7105 262.0041 158.2341 122.3249 129.2236 131.9182 142.7468 186.857 218.9752 218.4962 226.7255 253.4475 245.742 96.56869 73.78661 29.21781 2.763942 13.85108 359.3405 314.9052 324.4702 29.6714 42.55296 335.3144 330.8953 342.951
236.5136 31.9302 48.86148 46.30847 53.06952 46.29909 51.58191 70.84708 85.24667 81.21828 48.00563 38.14669 117.183 140.0894 140.5887 150.8449 197.2926 217.4541 204.2171 207.511 181.9507 100.5791 59.7939 46.15807 75.60233 73.45827 70.60355 94.41203 119.2961 135.0591 161.7271 194.3274 316.3758 335.6707 342.8311 331.8884 309.7448 271.7737 231.8591 157.4652 131.3316 128.4784 132.697 158.3905 316.6544 310.5946 308.0083 309.6367 315.7737 77.24805 99.09314 12.23076 351.9389 354.9796 17.03362 354.1495 312.2409 328.1839 50.87599 11.90502 339.5898 332.6868 344.7932
272.7891 356.5476 65.80917 58.55449 60.20716 87.69036 109.5142 111.1608 97.59091 34.39315 358.0015 13.83429 41.01723 65.26467 97.06418 119.4497 177.3616 231.6899 224.0482 164.6929 165.9256 159.7406 165.4392 154.947 126.2806 102.308 89.19076 94.32053 103.547 119.6693 185.454 272.9107 295.6008 311.0911 324.7339 316.3668 299.6706 273.1457 224.7627 128.3596 117.9164 116.3637 140.1946 278.8235 318.645 331.362 327.8493 332.6312 57.89231 128.2902 320.5658 324.7174 336.6164 354.2915 21.38929 351.7919 312.1174 341.7354 356.9282 347.8132 340.6794 337.3006 11.72624
270.8235 279.7824 79.92874 82.19395 94.08749 94.36689 79.20752 47.84171 19.11076 355.2241 349.8822 24.50795 61.23022 69.78741 43.31532 21.08556 33.46963 268.9236 195.2223 155.189 155.3995 162.7106 177.0846 169.8725 151.0456 130.0026 102.8096 99.00447 98.51728 91.94228 244.8251 264.3546 256.42 242.1584 246.8586 275.0743 300.009 301.7926 2.111697 79.91469 88.15629 92.02969 117.2443 282.2387 304.4897 318.8663 317.964 55.50791 102.2026 327.8139 334.1197 344.4948 335.5356 342.6994 9.53016 7.058599 5.841587 331.6988 313.4748 331.4578 340.8361 352.892 44.34732
304.1721 327.1617 77.88619 82.89497 73.61047 43.94348 23.25587 17.234 9.002275 354.3745 9.259889 74.49768 88.43661 72.02248 7.353471 12.0132 37.038 21.65257 56.71784 103.1035 121.1262 147.1819 181.4026 174.4415 158.0444 160.6051 122.6408 105.8882 110.5367 107.5187 225.5015 255.9799 242.4345 249.4159 280.8895 308.1125 325.4051 326.7581 10.41802 57.56595 67.23753 72.44323 350.9789 296.9097 286.2763 254.2631 222.0358 128.6268 339.8636 311.5436 334.8814 8.23945 337.4587 332.9713 356.5723 23.07432 35.88963 337.7158 311.7243 333.3543 357.3269 6.153407 25.62768
329.0929 358.9674 62.7045 58.15971 36.51545 32.89492 33.16003 33.56767 26.07195 13.94902 58.34526 75.66484 67.14831 30.74972 6.02259 32.6668 36.51272 15.61525 26.82856 46.78049 59.55416 71.12633 139.3483 169.1225 128.1741 151.6096 128.264 103.6485 104.8779 111.0509 214.0454 243.5858 264.7146 296.7958 311.9211 327.9926 346.209 1.434995 10.43407 42.91295 63.54737 69.74902 331.3747 256.7672 191.9362 195.8152 192.7946 168.8124 246.4915 272.1243 292.3024 355.1952 321.3184 323.7944 354.3404 49.24678 63.9469 317.8466 305.4982 332.3912 15.59659 1.158875 11.77414
211.5615 228.4832 67.2581 55.42123 50.9524 70.83202 101.3682 130.0099 120.4891 125.1703 123.6999 89.9222 50.95359 12.36292 32.10413 54.94788 36.23329 36.39987 74.93224 86.33951 81.69072 57.18888 27.21111 22.41278 63.20235 94.85732 127.9906 114.3565 99.01385 90.34035 189.727 246.0946 287.0178 299.172 306.7792 320.8589 351.2665 18.0393 28.9901 61.15197 71.73792 70.26888 77.32376 197.8554 165.0836 192.7865 197.1906 198.7123 264.7309 280.9285 319.9963 334.6138 311.4345 286.6925 158.6685 125.0951 113.9755 263.127 271.117 290.235 15.15088 357.1252 24.2584
219.5088 246.4384 74.81421 81.5006 97.07439 104.9027 108.4847 137.2641 153.9226 151.6021 135.9644 132.6964 153.363 168.081 117.096 102.4011 100.7335 74.7998 86.86044 89.98827 74.57976 46.38934 47.92109 76.29939 105.0138 110.1033 119.1258 129.3636 130.5071 111.5896 128.3513 274.7113 290.538 292.7705 285.1501 205.8527 175.6718 186.1125 141.0225 120.6144 106.9069 84.30432 74.33492 4.043776 29.81184 344.207 308.1221 300.3335 296.6283 307.5407 338.262 351.1917 353.038 139.6509 152.633 147.67 152.6461 234.4138 252.7497 262.2814 320.9405 6.58311 62.891
303.0624 277.4912 118.6505 101.4954 113.5424 130.4155 130.4211 134.0289 153.0963 165.073 143.713 134.1183 158.8981 171.9519 164.151 164.5632 297.9391 6.411345 44.40576 45.38557 50.47427 79.73785 115.9009 124.9089 116.8126 70.76308 61.49564 79.94055 130.0833 146.4427 144.8428 268.9033 273.5064 262.4441 210.2353 168.7924 180.755 195.0656 159.3387 145.1203 145.7313 99.59206 75.22507 17.55628 332.568 356.8876 1.517966 295.6091 288.193 291.4554 318.8223 19.75853 85.6539 114.0044 131.3155 141.6365 167.2814 228.327 248.2111 253.822 259.3228 34.0842 80.56108
328.9023 320.4403 89.95287 99.88754 106.3493 126.537 135.7285 132.9785 145.0703 153.8488 143.6149 130.578 127.9133 140.9983 155.4356 215.2186 250.0454 183.8334 80.26924 53.77879 74.15756 93.02924 109.113 101.111 38.42997 6.789722 49.64154 66.65232 85.55188 145.0329 183.0157 270.1956 244.7863 212.6145 183.2682 174.517 191.2639 190.304 163.9463 156.8666 150.8957 116.8467 90.83421 34.33842 303.1363 0.7965156 24.66815 296.2215 294.2996 291.0587 284.3979 113.774 114.1139 116.5406 125.6534 143.2932 175.4291 230.038 248.9119 257.3239 265.5612 332.6501 71.81879
303.556 22.46604 105.4668 108.3458 110.7715 115.7739 98.62434 78.02384 84.90255 102.6311 88.28837 60.753 48.27874 53.70419 78.06285 199.3095 207.9933 182.001 179.7033 160.7552 90.77956 81.02824 70.4155 33.5802 2.574289 2.511067 71.14101 81.94228 81.76435 41.63367 309.5412 268.571 215.7591 190.1205 183.5455 191.4051 205.4622 197.9111 193.016 220.7178 126.5095 135.4896 147.7532 210.2021 268.2224 124.0647 327.6801 278.5119 278.4496 280.8033 265.6013 110.5614 114.9096 119.4069 123.0223 140.5636 198.2046 244.0577 260.461 264.8389 270.6863 314.9601 48.78075
