inst/extdata/aspect_rotated.asc
ncols         340
nrows         316
xllcorner     528502.52992
yllcorner     274871.653426
cellsize      100
NODATA_value  -9999
[rows 112 to 139 of 316, columns 252 to 314 of 340]
237.1387 146.6725 120.6818 114.6346 117.6622 122.7072 359.1406 24.49338 45.63033 30.92851 18.51389 31.58616 59.49608 87.0127 96.6932 128.1513 191.7767 188.9406 187.6721 192.3068 118.4768 86.63464 55.19598 23.4551 30.02069 70.10591 97.18983 97.25539 88.71341 46.24507 262.1852 240.5747 161.4615 133.4749 191.3094 238.606 253.7244 259.4415 234.7403 190.9855 138.0685 131.1404 149.4653 211.4935 218.4059 171.9999 236.0425 264.861 260.1941 249.0251 171.5536 107.3877 103.5876 110.4141 112.681 128.0104 210.4852 249.9087 266.6112 270.5445 272.564 284.5289 55.97366
185.8719 145.8962 113.4384 107.1559 108.0882 146.2733 240.4825 93.70278 72.53196 16.48187 11.44746 50.25282 59.45586 53.31985 57.13501 71.15777 117.3472 196.8151 204.5882 183.7408 143.6233 118.3997 61.30706 60.67014 93.38763 124.6277 118.8715 108.6505 91.20708 81.83413 194.84 245.578 182.7291 51.02984 342.968 305.8761 290.8932 231.1465 178.928 169.7094 154.4007 124.2398 122.0122 226.5507 218.1512 196.2582 258.7296 276.773 275.0238 241.668 171.0901 127.5695 114.0856 112.6737 103.004 114.8561 214.3616 261.0702 271.9684 272.0791 267.672 232.9594 143.4188
184.2371 157.1931 116.3805 104.7335 107.4206 131.9383 186.9811 182.259 153.6414 216.2054 308.9251 50.84321 36.20143 43.04762 54.80099 55.89724 56.29443 101.1705 193.6248 156.9351 147.1033 190.0477 63.50657 64.98617 70.97743 94.93264 109.4632 114.8154 99.08983 88.08073 84.40212 268.4126 258.6906 323.6064 324.545 305.4885 255.0346 189.3842 136.8139 146.0573 168.8076 122.4196 100.0953 296.0515 304.0621 222.0815 260.5865 265.478 251.5204 192.5944 162.4901 143.0409 128.293 120.318 108.2552 113.5389 219.5143 266.9826 276.5103 275.973 261.9032 193.9005 149.8001
189.5351 152.4893 125.5344 116.5251 131.6351 135.0294 149.2091 178.6435 182.1343 221.1223 221.0251 129.8509 73.23248 81.30445 58.39804 41.55499 44.55772 54.1409 110.4093 143.6192 156.5031 229.4709 252.2294 48.18453 64.56649 81.97147 88.06902 77.25716 6.274404 49.14603 40.93021 255.4996 187.3655 244.1559 244.4282 211.1782 192.8064 194.4858 122.8245 126.9828 170.8673 124.965 282.3714 298.2165 82.83385 190.864 252.3677 242.38 221.1546 182.7327 149.3651 141.6812 139.5768 125.4235 112.7001 110.6565 258.6902 274.8944 276.9764 273.3088 239.2326 194.0059 130.4541
191.8363 142.6301 130.3684 123.0138 137.8544 146.1619 132.8405 179.1683 229.7102 209.3839 208.7353 199.598 142.929 104.3047 28.47118 38.46513 52.71255 60.12672 62.93636 75.18265 114.2472 247.8716 239.2092 145.2512 103.8447 95.58279 85.44684 349.0398 346.006 35.22031 52.52185 85.17847 174.8915 196.5014 194.0204 210.7226 224.3403 156.2045 134.6407 149.6403 166.3467 119.4982 272.5605 224.1016 135.6285 199.7778 247.3183 229.6193 228.0452 202.4079 126.5951 132.5258 152.4686 130.5219 114.8932 102.4087 290.0262 279.8505 266.3536 235.7244 206.5692 210.6412 118.3092
185.5051 130.6627 115.3685 108.2509 118.6911 141.8235 128.0775 184.6814 229.6724 181.0088 194.3888 198.9372 168.56 174.2528 183.5743 117.5627 84.02843 71.61475 62.97842 67.9887 77.22469 229.8394 204.47 166.045 134.4624 114.0852 93.47035 302.2049 324.3713 45.50847 57.14636 46.28597 335.6988 50.83962 102.2867 225.4502 208.9303 143.9885 118.0173 151.2377 183.8614 182.0419 204.1157 180.0543 161.107 253.0278 255.2967 236.7359 242.7554 221.237 119.3502 121.1722 155.4438 139.3079 113.3516 24.37384 297.8526 273.5823 245.5141 209.6331 210.0901 216.768 115.8047
202.8174 87.1122 75.31412 77.70753 82.07655 91.28122 96.46918 145.1728 211.4492 179.7209 183.5221 201.7726 183.7434 168.5352 179.8757 176.1456 129.1718 109.7227 93.30564 82.18266 77.67622 148.3573 179.0801 157.1835 135.3378 120.1274 96.25185 277.0389 275.8246 71.7048 65.43056 50.42159 343.1209 16.7868 8.168027 21.42825 158.2515 169.6788 122.0495 138.5811 209.7209 175.1079 174.8799 208.5229 276.0092 279.8991 277.1567 265.5348 249.2693 220.278 140.3028 122.0462 158.4023 181.2228 344.6046 333.2713 311.3098 263.3952 220.3295 200.1468 217.7996 219.4229 122.5552
308.9255 33.92668 41.68035 49.53885 51.62242 41.65136 39.70768 49.91775 123.2635 166.3014 182.4021 203.9408 188.3509 149.8312 170.5377 186.7813 145.3889 133.0097 129.0031 110.1843 94.02782 89.1393 115.4592 90.46555 64.15818 42.20187 22.25394 302.9585 272.3809 103.789 78.0285 42.08929 7.019803 357.9928 341.9472 52.71446 88.15823 158.3998 145.0495 149.1518 207.6039 207.1877 318.814 321.6638 312.2737 287.5429 292.7071 300.6266 260.0414 212.6456 164.3704 124.8633 148.9001 234.3101 264.4269 286.8165 297.5264 306.1966 224.1354 187.3002 224.2386 201.2133 138.8364
314.4818 355.5223 9.018914 32.24351 38.8087 31.35353 33.70251 44.94682 52.11611 62.70203 127.5531 182.5981 192.818 154.7302 150.2781 185.3721 149.5482 132.5067 134.9607 128.6771 123.7395 105.7493 31.07652 6.860425 27.8762 25.68374 358.0266 330.2244 6.761513e-005 62.57874 55.07497 16.29271 7.283788 15.47637 24.26627 99.22682 85.58919 73.91914 104.0192 195.1165 289.8318 295.4048 312.4924 337.6453 330.0201 300.869 292.7082 292.9815 162.7848 183.6306 179.5099 132.0269 130.6109 238.7003 233.5377 243.172 250.7811 305.097 340.8242 40.70216 175.6909 169.5211 157.0204
294.5995 311.696 338.6084 16.00029 35.51925 39.47435 47.53357 50.81747 41.54588 37.04918 42.37075 59.02769 168.6305 160.29 147.8464 177.6743 158.6669 134.3811 130.4349 127.8823 139.1584 82.90549 350.3157 21.03787 101.8179 87.18423 305.2308 317.2873 24.99109 42.42357 23.67588 359.8103 3.117836 37.8219 67.9851 88.41455 71.79182 68.11506 76.39901 272.6672 293.1474 295.4373 302.9307 325.0208 323.6026 297.7776 268.7894 204.8206 138.7085 152.4981 180.5179 171.4677 190.6351 282.6956 309.1215 310.1196 256.1765 254.0437 285.5336 69.68623 103.4231 133.3883 226.2344
243.7679 273.7695 291.972 1.541875 57.12061 71.64816 68.55173 57.63933 49.19459 50.77013 45.39301 35.79665 43.36582 81.356 118.7349 161.1945 164.9187 140.2755 129.1619 121.7524 153.1645 217.2288 168.0796 138.4178 138.5283 132.1291 247.9824 227.4286 153.6364 112.1835 26.7614 1.994688 348.9646 33.55124 52.67731 61.19613 70.14916 86.60939 89.86016 275.2292 282.8768 285.3233 282.6359 275.0333 280.2803 262.0626 224.7361 176.7339 147.4728 137.072 162.6241 198.8679 277.8249 308.6413 328.4509 19.62047 131.5476 208.1541 224.3162 133.4945 102.0036 104.3271 249.918
225.5866 222.9955 201.3182 191.2479 142.4809 116.4414 119.7764 93.99623 83.31467 83.58612 70.47454 55.93377 60.15583 68.7895 84.27666 115.0101 152.8469 138.1823 116.2566 77.80849 45.7686 150.9996 163.4874 166.1722 183.843 156.4244 204.8525 200.8688 173.6418 182.3055 178.8747 177.1438 207.4651 171.846 56.36083 48.49131 46.37354 69.57748 80.20741 274.0576 264.6001 260.1046 249.7075 248.7258 233.2714 216.987 195.5826 167.0236 146.247 122.3716 117.851 273.1619 276.4536 270.7478 226.1124 131.3022 119.9447 201.3706 226.6723 157.9432 112.3609 103.7086 237.9829
191.1823 184.2624 182.1944 187.3878 167.7229 140.673 160.68 167.0339 114.9848 119.8793 134.5792 128.855 117.7798 97.09451 85.76871 74.82869 76.68166 63.31963 23.75718 20.20634 39.9479 75.24911 110.8453 159.1438 180.1867 172.6647 175.9161 207.5593 184.1745 155.3267 172.0096 175.7736 198.3506 224.7051 326.508 34.31587 48.40771 71.25269 85.0243 241.9167 258.5141 255.0588 241.7427 224.2998 210.0612 198.5258 189.4069 173.0475 144.1197 120.8867 137.2023 244.9118 238.5558 215.9758 203.3446 144.8666 40.84624 5.530936 293.0368 126.9125 107.3261 94.2477 198.8807
170.0433 166.7212 165.4202 176.2554 174.799 157.6635 172.0649 191.084 141.6193 138.0966 160.8469 162.7437 157.2816 108.9242 79.28295 51.02536 32.74992 12.24665 23.31965 80.04438 114.2997 114.6468 107.8975 118.4616 152.2016 159.7888 175.4394 226.055 206.6912 108.8074 79.46785 95.18343 192.9722 243.4664 252.1051 61.29324 74.61661 84.08569 90.61774 237.0709 260.2039 256.2686 232.9855 209.3527 207.3496 178.8797 187.0334 187.449 154.6709 148.8681 172.1946 215.476 218.2012 214.6701 248.7914 275.8832 47.85033 60.24765 91.29862 98.74612 76.23144 31.26431 55.30247
158.4254 137.2026 124.0805 142.7353 168.1704 170.7188 175.7874 184.1826 160.7841 145.9712 158.94 178.4133 200.9771 106.2623 72.11364 46.68363 45.50665 82.32737 129.5477 143.9457 55.66808 58.07809 64.46011 70.20618 73.05367 64.70801 344.2556 293.29 254.054 91.1777 46.43708 45.71895 72.32317 220.6772 212.8159 188.3842 131.4369 102.3891 92.90379 322.7651 263.1342 246.3157 216.0148 210.7274 208.3134 151.1794 171.9294 184.0799 162.5467 160.075 189.2042 223.2447 226.1952 237.7453 238.8878 206.4324 170.9021 162.4224 166.2786 143.028 100.5138 53.44757 91.55812
47.17986 53.09938 68.92798 67.94614 77.67086 133.2021 162.4492 167.5668 162.2942 147.1364 149.0427 199.5488 235.7652 205.4204 75.87361 80.71704 103.5623 112.0616 95.7379 323.5187 354.5757 17.8398 22.35048 35.92415 51.0014 62.28336 284.6808 179.4366 173.8643 187.6177 204.0122 37.28086 79.08653 130.2957 198.654 195.195 163.1525 128.2214 109.488 23.00754 258.7747 226.3296 205.2535 207.1312 193.9848 150.7883 148.8492 172.0238 165.8168 176.3477 213.9897 236.8125 255.7667 284.473 285.2554 199.9058 147.1589 162.258 164.3551 153.58 178.8606 137.2598 84.56595
346.502 13.78702 43.03643 31.27978 31.49472 37.28725 51.94562 92.0407 119.87 82.03452 96.49067 192.1174 218.2874 192.96 158.4025 144.4461 130.9894 76.43594 329.9219 327.0626 351.7242 20.82515 34.78692 53.08176 61.38855 60.53843 265.1443 124.0104 124.315 249.073 271.8864 132.0086 108.9246 103.6448 145.5056 199.4379 165.2018 135.6286 117.5475 147.5639 219.1697 211.3411 208.1853 196.8958 193.3358 152.5493 119.7232 136.5486 152.3764 205.5274 229.2856 259.2333 302.5157 326.0015 349.7783 11.68939 16.82997 29.11594 57.07183 127.7863 117.1345 76.41545 8.062016
339.1951 17.67856 27.16491 5.108681 26.31106 48.40368 65.10527 69.40488 7.837708 43.67684 73.51623 81.20552 212.8103 182.997 179.941 101.1711 70.00075 313.8394 297.6336 288.5981 156.5082 161.7422 118.3223 88.35433 77.89705 74.01991 97.83405 31.75977 7.807302 341.2798 291.5174 110.345 106.1014 107.492 108.7147 135.9774 124.1211 95.17456 90.42927 114.0692 209.8751 209.3021 203.7328 196.7223 212.7598 169.1069 109.8136 118.8461 137.0909 222.7966 228.0992 260.076 285.9048 305.9864 354.2019 26.08734 31.32245 60.30125 80.34301 133.7725 135.7333 291.8651 282.7073
355.8624 347.8188 354.8369 16.08771 87.31714 90.17601 84.01992 61.67363 6.588937 49.41914 41.47252 5.2095 5.440987 15.59742 337.6525 2.372897 40.49945 309.6511 259.8801 161.9729 151.7504 167.8662 166.6488 135.4473 113.5937 107.3697 114.8556 218.1007 210.9638 155.9875 193.4843 128.5018 72.76664 62.93344 73.04767 99.9324 110.4745 94.37704 80.53796 66.83743 120.4169 191.4121 206.1217 205.1873 199.6172 180.7877 138.5949 113.8537 129.753 187.9433 224.7413 241.7184 256.9316 246.7601 179.5351 147.9117 136.2653 118.9097 113.7774 122.3173 167.09 287.7841 336.8276
72.53996 251.3371 192.9534 132.999 131.4103 114.3193 83.21724 33.18015 9.288943 20.35323 359.9583 355.1702 13.77383 14.7416 348.8569 42.09261 81.99665 240.7387 196.5302 144.6284 137.9394 152.7102 172.1545 157.9339 139.5773 128.987 120.6281 187.4314 188.5259 168.536 188.7607 179.7829 95.85387 75.22969 81.67963 109.8374 154.5688 127.1236 102.1169 94.98875 103.7565 160.3096 208.7466 198.2339 184.2473 177.7236 171.254 163.9342 155.7159 182.4896 224.5798 226.9415 235.869 216.5431 184.6303 168.532 155.4906 144.2702 149.7615 152.4453 192.4826 247.6346 161.3215
126.924 183.2935 169.6924 139.762 107.184 57.65877 36.50853 16.47147 10.22002 358.1642 345.2313 1.569084 41.45222 22.65808 23.7399 81.39236 99.81229 151.7723 171.0496 154.8448 133.1429 133.0601 159.6888 160.2092 138.5635 114.2745 12.31557 353.778 359.0994 342.3686 32.2719 98.38157 158.9626 112.6834 93.28539 66.92619 66.16838 115.6343 125.8187 124.2484 107.8038 119.2677 200.1039 199.4703 180.2859 171.4696 179.7141 171.4687 162.6257 187.237 224.4271 222.06 223.1907 210.2484 200.6539 175.3018 141.839 144.8374 166.289 174.094 186.8681 218.8768 183.7373
85.95907 45.94574 59.25941 27.86551 350.6327 12.73218 17.26765 21.5833 31.55142 332.8757 314.8125 45.45061 81.30258 116.6497 146.1035 120.2599 106.8426 116.8027 150.5853 162.972 136.1507 116.4475 113.8968 114.5514 60.0465 340.9986 331.3438 344.7667 358.0868 356.8338 41.04512 57.45931 50.92146 73.59395 38.93956 31.76947 38.9909 52.75039 78.10514 92.09628 91.92687 103.2848 164.178 187.4113 180.1012 176.7966 181.9994 191.7002 211.2636 204.444 208.443 210.1881 203.2563 209.2466 225.2197 196.6456 132.2581 105.3632 117.0007 174.2898 193.5303 226.2433 224.841
32.82282 4.394115 11.08226 354.1319 348.3687 66.48624 111.5148 118.5588 109.5614 208.0363 205.4139 148.977 119.5768 116.2804 142.8356 145.4061 121.0784 83.98229 66.6898 84.42267 100.3207 48.50093 17.47796 7.487715 6.601496 323.5152 315.3333 337.0235 0.9674088 14.93551 43.96301 47.55774 37.77982 41.58643 29.3985 41.73128 48.07396 47.04526 56.15029 58.56527 75.85237 96.8982 135.7641 178.854 180 180 185.6103 223.8427 231.0728 156.6081 163.9739 188.0397 192.2306 188.9422 227.422 214.3722 163.0058 142.8714 133.937 182.2402 235.9812 258.044 237.5422
40.12494 25.28317 36.34048 322.1999 101.4774 120.2703 145.0931 162.6823 167.7571 211.5797 154.3712 150.0477 150.8326 131.1723 125.6709 133.0829 84.83916 39.12109 43.07904 26.80372 355.9369 0.0700877 8.060893 13.30939 15.56837 319.141 290.8549 302.4877 355.1127 35.82052 64.07407 65.26362 49.52308 52.01013 51.88664 54.78706 38.55371 22.8234 37.89438 45.59997 62.46162 70.97437 46.85331 18.07233 40.99541 45 233.1301 244.2537 208.1288 155.3613 159.0916 179.0732 186.193 194.1038 232.3809 212.5698 174.3009 166.2975 154.2595 270.5641 303.9034 322.8038 175.5299
132.3805 123.2695 147.4151 181.3034 163.2517 116.8357 124.3678 166.4892 232.3584 198.5604 132.2641 134.8154 146.263 143.8167 113.4725 8.318996 355.9635 19.1432 43.40524 7.183931 334.7006 354.5784 17.5732 24.78207 21.9391 346.7841 271.5774 235.2869 235.1164 81.74674 84.65008 86.53864 74.78162 44.86711 10.89191 11.19641 15.42265 2.911505 23.60255 45.28062 50.47947 46.22272 30.21777 28.31446 43.64054 48.74335 278.1371 225.6372 189.9505 153.8078 135 -1 -1 225 224.8273 196.0759 171.1009 182.9587 212.3829 262.8199 283.5274 42.93571 111.524
183.817 122.1417 130.9792 165.9352 174.8264 146.0937 130.4684 227.141 255.4522 148.1751 124.7759 112.7048 78.86683 17.66447 347.0086 345.7986 354.4622 17.0254 35.11112 357.4989 298.8668 329.0002 48.20553 38.99304 25.3244 27.79239 327.6918 229.8408 233.7761 153.1159 93.81535 77.57754 47.8925 349.9507 337.5784 2.024746 24.53182 15.88708 18.83234 46.38494 45.3951 41.46903 41.8045 43.51366 54.68165 61.45527 23.49704 0 62.10556 -1 -1 -1 -1 -1 225 177.3976 134.9993 195.5633 232.6753 239.4896 248.8156 122.8642 83.58846
186.0038 163.2357 152.6961 160.6456 174.4698 162.6806 137.5267 256.5389 223.509 127.7027 100.0125 61.54381 12.77649 1.628414 333.4272 329.7282 352.3497 23.93931 37.35314 4.234602 313.7191 314.878 54.73615 35.09661 30.98184 50.90901 32.2023 329.0362 281.911 11.56037 67.15206 22.67194 4.036702 359.0835 302.9064 337.0703 56.85946 37.36415 9.07175 35.25861 38.17522 43.82965 52.11874 63.39527 80.97763 89.42738 92.12325 180 100.3069 -1 -1 -1 -1 -1 -1 54.46043 54.21884 359.1939 268.9897 261.7547 268.6523 127.3583 102.7349
214.6879 134.5043 134.8866 157.4615 252.3007 338.7524 39.46761 249.2351 212.0316 104.5231 41.85066 5.523682 352.644 8.405798 336.6707 300.0824 334.9638 37.7634 31.23855 357.4353 344.7433 351.9018 18.76898 23.92389 23.82123 35.34469 20.51859 350.0148 332.5239 358.4302 21.59769 2.970038 359.1259 52.58955 252.0264 256.2119 80.83772 52.65361 359.7432 24.3508 43.1022 59.18827 69.38065 84.38815 91.65427 99.36901 139.3987 180 135 -1 -1 -1 -1 -1 -1 332.3497 23.71411 356.8871 320.3422 300.7276 287.9155 88.4274 87.02045
