inst/extdata/dane_and_iowa_county_water_table_elevation_feet_ROTATED.asc
NCOLS 340
NROWS 316
XLLCORNER 528502.529920
YLLCORNER 274871.653426
CELLSIZE 100.000000
NODATA_VALUE -99999.000000
[rows 252 to 279 of 316, columns 126 to 188 of 340]
1058.6929 1059.5767 1060.5626 1061.7014 1063.0157 1064.5026 1066.1591 1067.9818 1069.9406 1071.9810 1074.0303 1075.9991 1077.7637 1079.1793 1080.2294 1081.0017 1081.5511 1081.8944 1081.9137 1081.3846 1080.0852 1077.8196 1074.7240 1071.1974 1067.7465 1064.9294 1062.9545 1061.7621 1061.2018 1061.0587 1061.0764 1060.9851 1060.7174 1060.3604 1060.1465 1060.3806 1061.0404 1061.8722 1062.5214 1062.5797 1061.7600 1059.8619 1056.7683 1052.4503 1047.2821 1041.8848 1036.8044 1032.5116 1029.1921 1026.8368 1025.2013 1023.9091 1022.6534 1021.1735 1019.2506 1016.7267 1013.8004 1010.8832 1008.4989 1007.2140 1007.4274 1009.3571 1012.4097
1059.5925 1060.4731 1061.4354 1062.5139 1063.7296 1065.0908 1066.6072 1068.2872 1070.1085 1072.0192 1073.9498 1075.8137 1077.4917 1078.8433 1079.8403 1080.5466 1081.0085 1081.2458 1081.1146 1080.3419 1078.6827 1075.9453 1072.3734 1068.5446 1065.0287 1062.3563 1060.6666 1059.8058 1059.5798 1059.7648 1060.0657 1060.1573 1059.9775 1059.6595 1059.4664 1059.7214 1060.4105 1061.2828 1061.9990 1062.1718 1061.5107 1059.7971 1056.8914 1052.7465 1047.7832 1042.7040 1038.0612 1034.2850 1031.5159 1029.7012 1028.6106 1027.9081 1027.2478 1026.2825 1024.6940 1022.2299 1019.1133 1015.8432 1012.9942 1011.1560 1010.6799 1011.7191 1013.8008
1060.2225 1061.0869 1062.0089 1063.0066 1064.1017 1065.3195 1066.6842 1068.2183 1069.9048 1071.6926 1073.5121 1075.2771 1076.8755 1078.1787 1079.1398 1079.7810 1080.1333 1080.2214 1079.8835 1078.8142 1076.7885 1073.6797 1069.8428 1065.9899 1062.6731 1060.2920 1058.8962 1058.2786 1058.2408 1058.5870 1059.0055 1059.1255 1058.8901 1058.4731 1058.1641 1058.3011 1058.8817 1059.6633 1060.3164 1060.4629 1059.7964 1058.0718 1055.1949 1051.2062 1046.5773 1042.0304 1038.0619 1035.0035 1032.9500 1031.8401 1031.4786 1031.5795 1031.7264 1031.4344 1030.2800 1027.9351 1024.6461 1020.9918 1017.6168 1015.1669 1013.9756 1014.1515 1015.3106
1060.4934 1061.3181 1062.1907 1063.1090 1064.0906 1065.1716 1066.3915 1067.7892 1069.3556 1071.0375 1072.7622 1074.4399 1075.9618 1077.2068 1078.1138 1078.6731 1078.8953 1078.7957 1078.2184 1076.8782 1074.6042 1071.3488 1067.5215 1063.8639 1060.8584 1058.7651 1057.5645 1057.0353 1056.9911 1057.2649 1057.5613 1057.5173 1057.0912 1056.4762 1055.9644 1055.8865 1056.2532 1056.8484 1057.3478 1057.3639 1056.5808 1054.7501 1051.8513 1048.0419 1043.8364 1039.9460 1036.7795 1034.5415 1033.2729 1032.9080 1033.2820 1034.1508 1035.0525 1035.4086 1034.7485 1032.7196 1029.5089 1025.6285 1021.7856 1018.7516 1016.9003 1016.3408 1016.7410
1060.4097 1061.1755 1061.9954 1062.8407 1063.7181 1064.6681 1065.7461 1067.0164 1068.4794 1070.0776 1071.7305 1073.3385 1074.7883 1075.9595 1076.7858 1077.2469 1077.3345 1077.0403 1076.2390 1074.7185 1072.3771 1069.2273 1065.6592 1062.3333 1059.6396 1057.7430 1056.5933 1055.9861 1055.7496 1055.7305 1055.6782 1055.2935 1054.5594 1053.6653 1052.8838 1052.5199 1052.6002 1052.9500 1053.2457 1053.0762 1052.1265 1050.1711 1047.2611 1043.6512 1039.8925 1036.6853 1034.3439 1032.9329 1032.4253 1032.7352 1033.7147 1035.1549 1036.6021 1037.4716 1037.3097 1035.7788 1032.9307 1029.0811 1024.9690 1021.5161 1019.1749 1018.0914 1017.9596
1060.0912 1060.8026 1061.5687 1062.3308 1063.0840 1063.8750 1064.7847 1065.9170 1067.2852 1068.8213 1070.4292 1071.9906 1073.3828 1074.4834 1075.2273 1075.5975 1075.5768 1075.1427 1074.2076 1072.6381 1070.3889 1067.5056 1064.3184 1061.3591 1058.9286 1057.1365 1055.9281 1055.1313 1054.5924 1054.1683 1053.6577 1052.8347 1051.7042 1050.4409 1049.3041 1048.5897 1048.3425 1048.4218 1048.5026 1048.1498 1047.0480 1044.9884 1042.0737 1038.6289 1035.2495 1032.6545 1031.0673 1030.4005 1030.5424 1031.3684 1032.7476 1034.5220 1036.2926 1037.5287 1037.7935 1036.7369 1034.3202 1030.7355 1026.7041 1023.1893 1020.6781 1019.3462 1018.9129
1059.6589 1060.3405 1061.0540 1061.7069 1062.2886 1062.8678 1063.5653 1064.5391 1065.8171 1067.3116 1068.9011 1070.4392 1071.7900 1072.8313 1073.5044 1073.8030 1073.7161 1073.2252 1072.2764 1070.7913 1068.7559 1066.2207 1063.4427 1060.8252 1058.5957 1056.8378 1055.5072 1054.4681 1053.5883 1052.7380 1051.7559 1050.4724 1048.9088 1047.2278 1045.6864 1044.5857 1043.9856 1043.7656 1043.6047 1043.0615 1041.8224 1039.6877 1036.7906 1033.5001 1030.4463 1028.3666 1027.3978 1027.3071 1027.8988 1029.0098 1030.5396 1032.4015 1034.2710 1035.6869 1036.2200 1035.4950 1033.4799 1030.3812 1026.8417 1023.7010 1021.3979 1020.1050 1019.5823
1059.2198 1059.9111 1060.5747 1061.0801 1061.4248 1061.7277 1062.1681 1062.9657 1064.1606 1065.6333 1067.2264 1068.7572 1070.0751 1071.0619 1071.6715 1071.9160 1071.8011 1071.3242 1070.4561 1069.1487 1067.3959 1065.2343 1062.8508 1060.5399 1058.4735 1056.7228 1055.2595 1053.9830 1052.7847 1051.5494 1050.1467 1048.4471 1046.4913 1044.4454 1042.5513 1041.0836 1040.1029 1039.5079 1039.0026 1038.1743 1036.7408 1034.5350 1031.7206 1028.6904 1026.0404 1024.4355 1023.9190 1024.1571 1024.9143 1026.0293 1027.4535 1029.1785 1030.9247 1032.2592 1032.8087 1032.2708 1030.6823 1028.2970 1025.6096 1023.2174 1021.4440 1020.4283 1019.9865
1058.6851 1059.4080 1060.0288 1060.3710 1060.4491 1060.4564 1060.6384 1061.2690 1062.3940 1063.8575 1065.4634 1066.9900 1068.2734 1069.2035 1069.7517 1069.9558 1069.8456 1069.4412 1068.7273 1067.6619 1066.2275 1064.4346 1062.4104 1060.3668 1058.4373 1056.6881 1055.1097 1053.6353 1052.1792 1050.6428 1048.9177 1046.9012 1044.6497 1042.3344 1040.1630 1038.3541 1036.9634 1035.9207 1034.9763 1033.7740 1032.0922 1029.8241 1027.1615 1024.4949 1022.3121 1021.1111 1020.8495 1021.1626 1021.8312 1022.7399 1023.9002 1025.3668 1026.8633 1027.9371 1028.3231 1027.8917 1026.7695 1025.2307 1023.5803 1022.1261 1021.0509 1020.4462 1020.1925
1057.7444 1058.4637 1059.0558 1059.2793 1059.1578 1058.9584 1058.9740 1059.4995 1060.5786 1062.0328 1063.6393 1065.1470 1066.3831 1067.2466 1067.7303 1067.9030 1067.8245 1067.5424 1067.0447 1066.2729 1065.1835 1063.7521 1062.0537 1060.2375 1058.4131 1056.6549 1054.9778 1053.3506 1051.7117 1049.9774 1048.0566 1045.8633 1043.4391 1040.9193 1038.4774 1036.3036 1034.4749 1032.9762 1031.6080 1030.0612 1028.1710 1025.8898 1023.4056 1021.0595 1019.2158 1018.2144 1017.9791 1018.1896 1018.6761 1019.3728 1020.3234 1021.6014 1022.9212 1023.8157 1024.1156 1023.8418 1023.1852 1022.4177 1021.6808 1021.0436 1020.5820 1020.3617 1020.3200
1056.2191 1056.8265 1057.3444 1057.4818 1057.2651 1057.0100 1057.0164 1057.5479 1058.6322 1060.0900 1061.6890 1063.1642 1064.3422 1065.1345 1065.5588 1065.7174 1065.7035 1065.5948 1065.3706 1064.9330 1064.2010 1063.1154 1061.7041 1060.0638 1058.2970 1056.5054 1054.7375 1052.9991 1051.2496 1049.4155 1047.4160 1045.1722 1042.6785 1039.9885 1037.2559 1034.6949 1032.4415 1030.5587 1028.8868 1027.1320 1025.1510 1022.9165 1020.5790 1018.4032 1016.6619 1015.6050 1015.1843 1015.1766 1015.4709 1016.0322 1016.8986 1018.1182 1019.4058 1020.3138 1020.7252 1020.7271 1020.5223 1020.3564 1020.2725 1020.2095 1020.1914 1020.2792 1020.4449
1054.0994 1054.4009 1054.6702 1054.6591 1054.4167 1054.2616 1054.4429 1055.1305 1056.3147 1057.8276 1059.4430 1060.8944 1062.0209 1062.7577 1063.1515 1063.3373 1063.4412 1063.5696 1063.6779 1063.6034 1063.2220 1062.4478 1061.2675 1059.7289 1057.9456 1056.0752 1054.2104 1052.3896 1050.5839 1048.7155 1046.7019 1044.4600 1041.9287 1039.0774 1036.0603 1033.1544 1030.5753 1028.4712 1026.7059 1024.9647 1023.0604 1020.9079 1018.6133 1016.4059 1014.5291 1013.2132 1012.4667 1012.1656 1012.2456 1012.6835 1013.4957 1014.6947 1016.0156 1017.0605 1017.7324 1018.1168 1018.3724 1018.6813 1019.0566 1019.4258 1019.7905 1020.1870 1020.5906
1051.5298 1051.3484 1051.1858 1050.9351 1050.6943 1050.7419 1051.2274 1052.1749 1053.5154 1055.0983 1056.7206 1058.1420 1059.2327 1059.9626 1060.4050 1060.7140 1061.0316 1061.4757 1061.9633 1062.2561 1062.1844 1061.6403 1060.5852 1059.0427 1057.1608 1055.1737 1053.2180 1051.3499 1049.5343 1047.6714 1045.6619 1043.4083 1040.8138 1037.8019 1034.5488 1031.4015 1028.6553 1026.5380 1024.9132 1023.4086 1021.7309 1019.6663 1017.2903 1014.8647 1012.6650 1010.9555 1009.8077 1009.1744 1009.0173 1009.3073 1010.0418 1011.2125 1012.5922 1013.8487 1014.8828 1015.7344 1016.4802 1017.2099 1017.9465 1018.6766 1019.3981 1020.1102 1020.7719
1048.8154 1048.1066 1047.4581 1046.9285 1046.6708 1046.9122 1047.6876 1048.8580 1050.2838 1051.8292 1053.3445 1054.6721 1055.7413 1056.5582 1057.2035 1057.8148 1058.5066 1059.3591 1060.2432 1060.8677 1061.0172 1060.5468 1059.4302 1057.7408 1055.6913 1053.5875 1051.5884 1049.7345 1047.9602 1046.1257 1044.1021 1041.7726 1039.0513 1035.8936 1032.5084 1029.2772 1026.5507 1024.6189 1023.3165 1022.1789 1020.7845 1018.7808 1016.2369 1013.4926 1010.8849 1008.7300 1007.1600 1006.1890 1005.7892 1005.9117 1006.5486 1007.6985 1009.1759 1010.7031 1012.1642 1013.5383 1014.8203 1016.0137 1017.1271 1018.1720 1019.1655 1020.1218 1020.9992
1046.2126 1045.0499 1043.9846 1043.2036 1042.8988 1043.2512 1044.1941 1045.4454 1046.8042 1048.1492 1049.4089 1050.5543 1051.5953 1052.5751 1053.5593 1054.6285 1055.8212 1057.1300 1058.3783 1059.2584 1059.5194 1058.9706 1057.6300 1055.6824 1053.4254 1051.2247 1049.2382 1047.4598 1045.7690 1043.9672 1041.8975 1039.4414 1036.5712 1033.3370 1029.9808 1026.8739 1024.3743 1022.7853 1021.8820 1021.0917 1019.8976 1017.8688 1015.1003 1012.0214 1009.0259 1006.4658 1004.5169 1003.2382 1002.6064 1002.5555 1003.0875 1004.2288 1005.8304 1007.6511 1009.5549 1011.4688 1013.3272 1015.0695 1016.6398 1017.9952 1019.1842 1020.2945 1021.3152
1043.9076 1042.4565 1041.1481 1040.2192 1039.8632 1040.2156 1041.1416 1042.2758 1043.3918 1044.3984 1045.3025 1046.1918 1047.1577 1048.2902 1049.6289 1051.1692 1052.8490 1054.5543 1056.0669 1057.0894 1057.3618 1056.6740 1055.0868 1052.8754 1050.4152 1048.1339 1046.1859 1044.5116 1042.9197 1041.1343 1038.9982 1036.4482 1033.5337 1030.3904 1027.2809 1024.5502 1022.4939 1021.3298 1020.7437 1020.0795 1018.8224 1016.5997 1013.5681 1010.2162 1006.9553 1004.1289 1001.9186 1000.3982 999.5585 999.3476 999.7853 1000.9185 1002.6281 1004.7042 1007.0052 1009.4296 1011.8738 1014.2289 1016.3441 1018.0679 1019.4611 1020.6869 1021.7907
1041.8907 1040.3185 1038.9441 1037.9773 1037.5732 1037.8217 1038.5592 1039.4091 1040.1619 1040.7678 1041.2949 1041.9076 1042.7606 1043.9915 1045.6150 1047.5414 1049.6117 1051.6104 1053.2852 1054.3573 1054.5809 1053.7561 1051.9714 1049.5443 1046.9008 1044.5219 1042.5680 1040.9480 1039.4120 1037.6141 1035.4302 1032.9020 1030.1475 1027.3411 1024.7255 1022.5814 1021.0837 1020.2972 1019.8306 1019.0114 1017.4240 1014.8632 1011.5659 1008.0400 1004.6674 1001.7357 999.3928 997.6980 996.6684 996.3010 996.6359 997.7260 999.4828 1001.7384 1004.3604 1007.2355 1010.2322 1013.1988 1015.8923 1018.0523 1019.7219 1021.1000 1022.2928
1039.9460 1038.3273 1036.9619 1035.9987 1035.5369 1035.6200 1036.0870 1036.6068 1037.0089 1037.2751 1037.5093 1037.9143 1038.6763 1039.9553 1041.7539 1043.9398 1046.2894 1048.5095 1050.3138 1051.4263 1051.6096 1050.6764 1048.7362 1046.1334 1043.3094 1040.7531 1038.6411 1036.9050 1035.2946 1033.4521 1031.3052 1028.9886 1026.6602 1024.4879 1022.6081 1021.1291 1020.0900 1019.4550 1018.8476 1017.6891 1015.6912 1012.7892 1009.2795 1005.6719 1002.2967 999.3587 996.9545 995.1158 993.8876 993.3243 993.4896 994.4424 996.1426 998.4893 1001.3593 1004.6131 1008.0761 1011.5456 1014.7371 1017.3538 1019.4053 1021.0648 1022.4721
1037.8789 1036.2500 1034.9263 1033.9878 1033.4753 1033.3875 1033.5835 1033.8071 1033.9325 1033.9570 1033.9968 1034.2651 1034.9521 1036.2167 1038.0706 1040.3969 1042.9456 1045.3641 1047.3265 1048.5332 1048.7377 1047.7540 1045.7013 1042.9377 1039.8977 1037.0518 1034.6152 1032.5996 1030.8113 1028.9325 1026.9366 1025.0067 1023.3078 1021.9758 1020.9655 1020.1139 1019.3433 1018.6166 1017.6711 1016.1111 1013.7634 1010.6282 1007.0152 1003.4115 1000.0876 997.1685 994.7034 992.7013 991.2303 990.3935 990.2815 990.9720 992.4933 994.8337 997.8748 1001.4313 1005.2638 1009.1027 1012.6750 1015.7303 1018.2453 1020.3246 1022.1087
1035.5338 1033.9539 1032.7301 1031.8717 1031.3638 1031.1665 1031.1583 1031.1501 1031.0542 1030.8789 1030.7428 1030.8551 1031.4061 1032.5610 1034.3689 1036.7714 1039.5094 1042.1664 1044.3623 1045.7544 1046.0745 1045.1311 1043.0220 1040.0741 1036.7266 1033.4843 1030.6440 1028.3279 1026.4038 1024.5779 1022.8337 1021.3546 1020.2980 1019.7740 1019.5548 1019.2020 1018.5602 1017.6565 1016.3684 1014.4831 1011.9266 1008.7370 1005.1829 1001.6630 998.3849 995.4295 992.8262 990.5814 988.7823 987.5643 987.0510 987.3575 988.5869 990.8167 993.9376 997.7240 1001.8619 1005.9986 1009.8820 1013.3315 1016.3101 1018.8682 1021.1382
1032.8789 1031.4156 1030.3590 1029.6514 1029.2279 1029.0167 1028.9042 1028.7437 1028.4746 1028.1176 1027.7889 1027.6848 1028.0024 1028.9325 1030.5859 1032.9907 1035.8951 1038.8243 1041.3326 1043.0098 1043.5452 1042.7242 1040.6021 1037.4534 1033.7506 1030.0964 1026.8846 1024.3298 1022.3411 1020.6265 1019.1490 1018.0571 1017.4963 1017.5713 1017.9285 1017.9334 1017.3884 1016.3875 1014.9160 1012.8903 1010.3129 1007.2544 1003.9090 1000.5399 997.2936 994.2396 991.4163 988.8512 986.6536 984.9829 983.9987 983.8608 984.7324 986.7549 989.8402 993.7529 998.1135 1002.4830 1006.6190 1010.3989 1013.7964 1016.8462 1019.6688
1030.0105 1028.7212 1027.8861 1027.3928 1027.1326 1027.0012 1026.8822 1026.6515 1026.2665 1025.7596 1025.2388 1024.8762 1024.8752 1025.4615 1026.8186 1029.0740 1032.0195 1035.1737 1038.0278 1040.0659 1040.8923 1040.2268 1038.0988 1034.7903 1030.8331 1026.9243 1023.5004 1020.7807 1018.7014 1017.0107 1015.6607 1014.7552 1014.4278 1014.7919 1015.4638 1015.7527 1015.4273 1014.5672 1013.1924 1011.2841 1008.8859 1006.0870 1003.0226 999.8512 996.6663 993.5199 990.4661 987.5685 984.9744 982.8810 981.4791 980.9537 981.4846 983.2271 986.1299 990.0008 994.4298 998.9126 1003.2110 1007.2438 1011.0096 1014.5550 1017.9681
1027.0443 1025.9647 1025.3849 1025.1550 1025.1287 1025.1636 1025.1293 1024.9097 1024.4753 1023.8747 1023.2053 1022.6080 1022.2805 1022.4666 1023.4073 1025.3199 1028.0786 1031.2725 1034.3641 1036.7303 1037.8690 1037.4017 1035.3455 1032.0356 1028.0488 1024.1156 1020.6476 1017.8029 1015.5490 1013.7277 1012.3053 1011.3442 1010.9774 1011.3480 1012.1234 1012.6704 1012.7166 1012.2390 1011.2239 1009.6653 1007.6147 1005.1627 1002.4170 999.4905 996.4293 993.2423 989.9942 986.7932 983.8386 981.3821 979.6407 978.8077 979.0449 980.4814 983.1000 986.7712 991.0901 995.5280 999.8566 1004.0242 1008.0624 1012.0442 1016.0153
1024.1111 1023.2443 1022.9237 1022.9848 1023.2483 1023.5240 1023.6560 1023.5253 1023.1177 1022.5105 1021.8003 1021.1002 1020.5734 1020.4277 1020.9122 1022.2919 1024.5468 1027.4116 1030.4036 1032.8770 1034.2681 1034.1097 1032.3757 1029.3910 1025.6868 1021.9231 1018.4683 1015.4634 1012.9399 1010.8549 1009.2000 1008.0017 1007.4189 1007.6651 1008.4761 1009.2769 1009.7446 1009.7380 1009.1915 1008.0925 1006.4832 1004.4429 1002.0674 999.4535 996.5959 993.4367 990.0458 986.5818 983.2953 980.4871 978.4077 977.2715 977.2349 978.4069 980.7594 984.1594 988.2188 992.4371 996.6165 1000.7373 1004.8670 1009.1111 1013.4958
1021.3639 1020.6599 1020.5526 1020.8884 1021.4640 1022.0323 1022.4005 1022.4321 1022.1281 1021.6063 1020.9669 1020.2933 1019.6983 1019.3246 1019.3887 1020.1559 1021.7013 1023.9280 1026.4822 1028.8086 1030.3521 1030.5895 1029.4130 1027.0454 1023.8754 1020.3992 1016.9487 1013.7266 1010.8652 1008.4442 1006.4846 1004.9825 1004.1306 1004.2211 1005.0454 1006.0608 1006.9001 1007.3303 1007.2457 1006.6277 1005.5032 1003.9300 1001.9873 999.7546 997.1642 994.0754 990.5650 986.8525 983.2325 980.0398 977.5670 976.0737 975.7432 976.6935 978.8364 981.9497 985.6600 989.5380 993.4336 997.3605 1001.4138 1005.7228 1010.3293
1018.9722 1018.3086 1018.2974 1018.8262 1019.6820 1020.5619 1021.2227 1021.4866 1021.3573 1020.9906 1020.4764 1019.8470 1019.1878 1018.6341 1018.3818 1018.6678 1019.6035 1021.1838 1023.1931 1025.2432 1026.8422 1027.4442 1026.8547 1025.1591 1022.5698 1019.3894 1015.9193 1012.4547 1009.2487 1006.5128 1004.3053 1002.5926 1001.5576 1001.5013 1002.2624 1003.3666 1004.4391 1005.1906 1005.4934 1005.3298 1004.7092 1003.6587 1002.2167 1000.4131 998.1036 995.0627 991.3878 987.3805 983.3771 979.7318 976.7805 974.8403 974.1455 974.8501 976.7919 979.6249 982.9857 986.5270 990.1410 993.8594 997.7797 1002.0287 1006.6852
1016.9811 1016.1692 1016.0652 1016.6281 1017.6638 1018.8404 1019.8552 1020.4482 1020.5879 1020.4352 1020.0595 1019.4526 1018.7120 1018.0275 1017.5989 1017.6251 1018.1974 1019.3132 1020.8573 1022.6155 1024.1862 1025.0408 1024.9218 1023.7881 1021.6862 1018.7356 1015.2097 1011.4946 1007.9668 1004.9752 1002.6160 1000.8189 999.7065 999.5122 1000.1234 1001.1866 1002.3546 1003.3030 1003.9001 1004.1420 1004.0206 1003.5219 1002.6148 1001.2422 999.1783 996.1296 992.2300 987.8769 983.4421 979.2816 975.7681 973.2773 972.1052 972.4606 974.1423 976.7205 979.8289 983.1611 986.6169 990.2162 994.0349 998.1799 1002.7719
1015.3093 1014.1039 1013.6504 1014.0048 1015.0411 1016.4645 1017.9124 1018.9821 1019.5336 1019.6559 1019.4125 1018.8446 1018.0945 1017.3890 1016.9283 1016.8821 1017.3179 1018.2171 1019.5046 1021.0490 1022.5286 1023.4853 1023.6453 1022.8819 1021.1081 1018.2844 1014.6568 1010.6849 1006.8569 1003.6519 1001.1883 999.3398 998.1554 997.7947 998.2042 999.1730 1000.3832 1001.4658 1002.2932 1002.8945 1003.2444 1003.2747 1002.8668 1001.8582 999.9595 996.8472 992.7001 988.0007 983.1375 978.4454 974.3202 971.1876 969.3994 969.2220 970.5087 972.8739 975.9243 979.2861 982.8000 986.4346 990.2412 994.3205 998.8226
