inst/extdata/dane_and_iowa_county_water_table_elevation_feet_ROTATED.asc
NCOLS 340
NROWS 316
XLLCORNER 528502.529920
YLLCORNER 274871.653426
CELLSIZE 100.000000
NODATA_VALUE -99999.000000
[rows 196 to 223 of 316, columns 252 to 314 of 340]
999.5108 999.0735 998.5667 998.0657 997.6241 997.2875 997.0956 997.0800 997.2450 997.5826 998.0626 998.6389 999.2222 999.7454 1000.2701 1000.8466 1001.3516 1001.6689 1001.8691 1002.0305 1002.0936 1001.9872 1001.7163 1001.2886 1000.6563 999.7589 998.5337 996.9614 995.1742 993.2965 991.3151 989.2153 987.0749 984.9504 982.7678 980.4582 978.0538 975.6082 973.1770 970.7954 968.4335 966.0201 963.3963 960.4206 957.0502 953.3550 949.6781 946.4066 943.9135 942.4259 941.7740 941.7220 942.0422 942.5221 942.9865 943.2681 943.2045 942.6764 941.6755 940.2559 938.5861 936.8309 935.1042
1000.0812 999.6923 999.2567 998.8392 998.4880 998.2451 998.1454 998.2162 998.4604 998.8653 999.3804 999.9387 1000.4469 1000.8401 1001.1936 1001.5790 1001.9160 1002.1185 1002.2220 1002.2670 1002.2049 1001.9749 1001.5482 1000.8956 999.9610 998.6819 996.9958 994.8969 992.5767 990.2452 988.0306 986.0255 984.2613 982.7083 981.1787 979.5032 977.6734 975.7218 973.7075 971.6718 969.5848 967.3851 964.9576 962.2078 959.1302 955.7906 952.4132 949.2853 946.7912 945.2271 944.5954 944.7586 945.3348 945.9423 946.3098 946.2289 945.6085 944.4434 942.9005 941.1902 939.5639 938.1863 936.9929
1000.3942 1000.0309 999.6559 999.3082 999.0270 998.8491 998.8033 998.9116 999.1752 999.5805 1000.0754 1000.5944 1001.0574 1001.4074 1001.6933 1001.9664 1002.1841 1002.2988 1002.3318 1002.3032 1002.1645 1001.8519 1001.3041 1000.4578 999.2413 997.5897 995.4686 992.9097 990.1492 987.4592 985.0847 983.2014 981.7757 980.6866 979.6699 978.4967 977.1438 975.6360 974.0209 972.3317 970.5447 968.6146 966.4640 964.0344 961.3409 958.4434 955.4926 952.7108 950.4780 949.1111 948.6753 949.0624 949.8112 950.4401 950.5737 949.9635 948.6493 946.7784 944.6550 942.6038 940.9384 939.8204 939.0400
1000.4821 1000.1196 999.7858 999.4869 999.2515 999.1122 999.0920 999.2078 999.4597 999.8359 1000.2924 1000.7747 1001.2204 1001.5796 1001.8622 1002.0845 1002.2296 1002.2828 1002.2678 1002.2004 1002.0309 1001.6891 1001.0829 1000.1157 998.6906 996.7338 994.2547 991.3362 988.2546 985.3286 982.8806 981.1311 979.9604 979.1588 978.4536 977.6203 976.6289 975.4921 974.2350 972.8741 971.3901 969.7511 967.9063 965.8227 963.5291 961.0859 958.6116 956.2899 954.4606 953.4046 953.1638 953.6198 954.3304 954.8229 954.6882 953.6691 951.8764 949.5416 947.0519 944.7898 943.0628 942.0076 941.3671
1000.3931 1000.0007 999.6757 999.3945 999.1775 999.0542 999.0425 999.1542 999.3896 999.7397 1000.1692 1000.6347 1001.0858 1001.4766 1001.7866 1002.0029 1002.1191 1002.1385 1002.0954 1002.0134 1001.8486 1001.5290 1000.9374 999.9457 998.4244 996.2837 993.5734 990.4272 987.1597 984.1249 981.6759 980.0355 978.9944 978.2742 977.6650 977.0073 976.2596 975.4081 974.4508 973.3831 972.1838 970.8255 969.2724 967.5078 965.5759 963.5470 961.5322 959.6870 958.2715 957.4845 957.3025 957.5898 958.0092 958.1996 957.8285 956.6781 954.8201 952.4507 949.9674 947.7397 945.9883 944.8000 943.9894
1000.1959 999.7296 999.3584 999.0504 998.8215 998.6972 998.6880 998.7988 999.0294 999.3722 999.7974 1000.2682 1000.7443 1001.1840 1001.5450 1001.7921 1001.9167 1001.9273 1001.8693 1001.7799 1001.6298 1001.3555 1000.8251 999.8885 998.3885 996.2171 993.4447 990.2324 986.9186 983.8710 981.4291 979.7924 978.7174 977.9171 977.2623 976.6656 976.0709 975.4331 974.7225 973.9116 972.9713 971.8726 970.5867 969.1069 967.4907 965.8168 964.1904 962.7380 961.6332 960.9894 960.7309 960.7181 960.7272 960.5288 959.9165 958.7528 957.0706 954.9983 952.8391 950.8603 949.1690 947.8066 946.7131
999.8966 999.3085 998.8275 998.4471 998.1826 998.0505 998.0501 998.1763 998.4257 998.7906 999.2405 999.7404 1000.2599 1000.7639 1001.1954 1001.5010 1001.6622 1001.6829 1001.6185 1001.5207 1001.3818 1001.1562 1000.7104 999.8867 998.5120 996.4618 993.7934 990.6594 987.4023 984.3862 981.9064 980.1343 978.8748 977.9038 977.1476 976.5569 976.0604 975.5877 975.0828 974.4955 973.7858 972.9183 971.8684 970.6357 969.2854 967.8975 966.5587 965.3618 964.4109 963.7613 963.3265 962.9841 962.5806 961.9789 961.0994 959.9097 958.4767 956.8906 955.2612 953.6723 952.1351 950.6682 949.3351
999.3729 998.6332 997.9979 997.5239 997.2245 997.0978 997.1274 997.2954 997.5939 998.0125 998.5176 999.0734 999.6571 1000.2403 1000.7557 1001.1357 1001.3477 1001.3872 1001.3235 1001.2274 1001.1093 1000.9395 1000.5936 999.9176 998.7313 996.8913 994.4048 991.3822 988.1735 985.1487 982.5687 980.5911 979.1075 977.9800 977.1539 976.5805 976.1760 975.8526 975.5326 975.1458 974.6394 973.9707 973.1183 972.0869 970.9470 969.7764 968.6404 967.5994 966.7069 965.9807 965.3416 964.6895 963.9110 962.9326 961.7917 960.5647 959.3802 958.3069 957.2378 956.0587 954.7067 953.1918 951.6826
998.3666 997.4988 996.7308 996.1970 995.9040 995.8227 995.9194 996.1635 996.5424 997.0427 997.6282 998.2613 998.9257 999.5978 1000.2039 1000.6661 1000.9387 1001.0097 1000.9669 1000.9021 1000.8318 1000.7318 1000.4915 999.9701 998.9879 997.3818 995.0795 992.1240 988.8891 985.7772 983.0447 980.8596 979.1966 977.9901 977.1710 976.6644 976.3762 976.2095 976.0696 975.8691 975.5422 975.0385 974.3409 973.4605 972.4736 971.4579 970.4606 969.5179 968.6488 967.8458 967.0363 966.1351 965.0547 963.7676 962.4078 961.1391 960.1342 959.4424 958.7945 957.9299 956.7375 955.2223 953.6183
996.3904 995.5343 994.8032 994.3516 994.1722 994.2142 994.4328 994.7902 995.2734 995.8698 996.5424 997.2550 997.9978 998.7538 999.4489 1000.0020 1000.3603 1000.5081 1000.5447 1000.5723 1000.5977 1000.5878 1000.4455 1000.0474 999.2309 997.8273 995.6782 992.7535 989.4578 986.2369 983.3573 981.0040 979.2174 977.9843 977.2148 976.8047 976.6515 976.6510 976.6922 976.6703 976.5046 976.1354 975.5521 974.7752 973.8908 972.9805 972.0794 971.2065 970.3589 969.5134 968.6009 967.5464 966.2807 964.8038 963.3000 961.9732 961.0002 960.4166 959.9065 959.1695 958.0828 956.6422 955.0679
993.2596 992.6125 992.1600 991.9833 992.0523 992.3088 992.7066 993.2092 993.8091 994.5000 995.2485 996.0222 996.8206 997.6366 998.4044 999.0501 999.5261 999.8191 1000.0232 1000.2281 1000.4119 1000.5170 1000.4512 1000.1094 999.3687 998.0817 996.0295 993.1253 989.7924 986.5054 983.5385 981.0889 979.2385 978.0089 977.3026 977.0007 976.9930 977.1655 977.3893 977.5404 977.5200 977.2573 976.7507 976.0345 975.2101 974.3693 973.5401 972.7308 971.9256 971.0916 970.1605 969.0626 967.7402 966.2028 964.6317 963.2182 962.1043 961.3206 960.6323 959.8138 958.7670 957.4714 956.0483
989.4143 989.1052 989.0836 989.3033 989.7056 990.2316 990.8393 991.4983 992.2101 992.9778 993.7739 994.5723 995.3824 996.2100 997.0085 997.7257 998.3374 998.8434 999.3089 999.7822 1000.1912 1000.4350 1000.4125 1000.0315 999.2310 997.9219 995.8901 993.0373 989.7602 986.5091 983.5544 981.0997 979.2523 978.0581 977.4272 977.2422 977.3853 977.7316 978.1327 978.4445 978.5494 978.3652 977.9014 977.2091 976.4112 975.6151 974.8466 974.1073 973.3741 972.6068 971.7314 970.6740 969.3759 967.8394 966.2220 964.6852 963.3344 962.2082 961.1981 960.1927 959.1330 957.9819 956.7361
985.4301 985.4990 985.9389 986.5784 987.3295 988.1320 988.9469 989.7493 990.5501 991.3617 992.1642 992.9388 993.7043 994.4800 995.2483 995.9914 996.7261 997.4762 998.2606 999.0639 999.7472 1000.1513 1000.1495 999.6521 998.6765 997.2242 995.1569 992.4147 989.3154 986.2252 983.3958 981.0307 979.2536 978.1300 977.5901 977.5298 977.8247 978.3367 978.8987 979.3480 979.5513 979.4181 978.9694 978.2736 977.4786 976.7119 976.0002 975.3429 974.7131 974.0640 973.3069 972.3510 971.1188 969.5936 967.9118 966.2169 964.6023 963.1292 961.7962 960.5877 959.4770 958.4136 957.2928
982.0019 982.3889 983.1731 984.1329 985.1606 986.1863 987.1653 988.0704 988.9182 989.7290 990.4907 991.1918 991.8589 992.5236 993.1970 993.8964 994.6833 995.6114 996.6620 997.7647 998.7169 999.2996 999.3471 998.7602 997.6343 996.0662 994.0030 991.4305 988.5837 985.7366 983.1131 980.9085 979.2570 978.2407 977.8133 977.8877 978.3302 978.9879 979.6775 980.2227 980.4868 980.3795 979.9293 979.2172 978.4136 977.6656 977.0060 976.4370 975.9341 975.4460 974.8602 974.0564 972.9227 971.4131 969.6534 967.7845 965.9128 964.1323 962.5207 961.1282 959.9412 958.8942 957.8182
979.5044 980.1129 981.0704 982.1989 983.3857 984.5429 985.6127 986.5581 987.3973 988.1559 988.8278 989.4083 989.9296 990.4318 990.9465 991.5178 992.2478 993.2219 994.4099 995.7128 996.8803 997.6435 997.7966 997.2236 996.0790 994.5311 992.5812 990.2420 987.6924 985.1421 982.7837 980.7952 979.3189 978.4518 978.1671 978.3901 978.9732 979.7466 980.5159 981.1006 981.3763 981.2657 980.8002 980.0650 979.2447 978.5012 977.8790 977.3920 977.0250 976.7253 976.3483 975.7342 974.7225 973.2307 971.3832 969.3331 967.2188 965.1754 963.3346 961.7847 960.5056 959.4138 958.3109
977.7033 978.5198 979.6019 980.8293 982.0925 983.2933 984.3701 985.2847 986.0564 986.7122 987.2509 987.6719 988.0098 988.3071 988.6057 988.9669 989.5328 990.4261 991.6223 993.0138 994.3150 995.2213 995.5115 995.0652 994.0546 992.6730 990.9539 988.9282 986.7387 984.5504 982.5225 980.8113 979.5685 978.9055 978.8063 979.1992 979.9166 980.7695 981.5620 982.1208 982.3481 982.1895 981.6800 980.9045 980.0472 979.2748 978.6530 978.2177 977.9702 977.8596 977.7039 977.2951 976.4150 974.9376 972.9871 970.7340 968.3616 966.0525 963.9828 962.2699 960.8865 959.7346 958.5981
976.3468 977.4159 978.6647 979.9901 981.2859 982.4576 983.4622 984.2805 984.9335 985.4473 985.8224 986.0604 986.1943 986.2645 986.3121 986.4061 986.7260 987.4342 988.5259 989.9000 991.2461 992.2379 992.6711 992.4398 991.6914 990.5975 989.2137 987.5900 985.8441 984.1064 982.5005 981.1557 980.2271 979.8333 979.9569 980.5195 981.3362 982.2063 982.9459 983.4031 983.5137 983.2524 982.6600 981.8184 980.8959 980.0528 979.3815 978.9473 978.7733 978.8138 978.8528 978.6362 977.8854 976.4250 974.3663 971.8890 969.2285 966.6229 964.2932 962.3898 960.8925 959.6989 958.5697
975.2674 976.6248 978.0838 979.5255 980.8398 981.9390 982.8202 983.5045 984.0158 984.3743 984.5811 984.6392 984.5795 984.4392 984.2514 984.0823 984.1322 984.5927 985.4979 986.7771 988.1061 989.1443 989.7085 989.7085 989.2604 988.5074 987.5244 986.3807 985.1778 984.0173 982.9798 982.1531 981.6645 981.6093 981.9540 982.6120 983.4119 984.1740 984.7462 985.0101 984.9340 984.5175 983.8039 982.8683 981.8560 980.9127 980.1497 979.6555 979.4733 979.5692 979.7165 979.6376 979.0052 977.5920 975.4592 972.7673 969.8116 966.8951 964.2845 962.1677 960.5495 959.3361 958.2608
974.3152 975.9708 977.6632 979.2411 980.5820 981.6019 982.3502 982.9007 983.2791 983.4960 983.5530 983.4564 983.2387 982.9361 982.5715 982.1998 982.0142 982.2129 982.8837 984.0081 985.2668 986.3154 986.9765 987.1631 986.9775 986.5546 985.9922 985.3810 984.8112 984.3602 984.0614 983.9441 984.0554 984.4172 984.9575 985.5827 986.1920 986.6835 986.9565 986.9333 986.6061 985.9892 985.1225 984.0705 982.9553 981.9043 981.0302 980.4280 980.1504 980.1763 980.3005 980.2565 979.6965 978.3501 976.1898 973.3234 970.1071 966.9117 964.0415 961.7186 959.9841 958.7637 957.7687
973.3571 975.2773 977.1841 978.8975 980.2847 981.2661 981.9326 982.3994 982.6896 982.8032 982.7460 982.5325 982.2041 981.8027 981.3450 980.8708 980.5371 980.5175 980.9423 981.8475 982.9544 983.9467 984.6399 984.9356 984.9358 984.7839 984.6104 984.5327 984.6342 984.9726 985.5453 986.3190 987.2011 988.0765 988.7958 989.2511 989.4901 989.5628 989.4296 989.0486 988.4246 987.5764 986.5383 985.3644 984.1572 983.0248 982.0659 981.3615 980.9481 980.8029 980.7587 980.5889 979.9723 978.6315 976.4500 973.4728 970.0994 966.7466 963.7291 961.2788 959.4592 958.2166 957.2729
972.3050 974.4280 976.5055 978.3438 979.8096 980.8278 981.5036 981.9651 982.2291 982.2888 982.1602 981.8722 981.4822 981.0452 980.5762 980.0997 979.7134 979.5407 979.7324 980.3699 981.2510 982.1213 982.7808 983.1051 983.2003 983.2278 983.3625 983.7603 984.4994 985.6223 987.1047 988.8544 990.6007 992.0485 992.9439 993.1584 992.9364 992.5245 991.9444 991.1817 990.2458 989.1551 987.9409 986.6506 985.3715 984.1926 983.1870 982.4056 981.8448 981.4608 981.1247 980.6644 979.8296 978.3820 976.1518 973.1376 969.7488 966.4089 963.4069 960.9510 959.1002 957.8150 956.8702
971.1478 973.4117 975.6243 977.5925 979.1845 980.3240 981.1000 981.6233 981.9082 981.9518 981.7857 981.4575 981.0421 980.6075 980.1646 979.7192 979.3096 979.0077 978.9823 979.3589 980.0151 980.7606 981.3710 981.6864 981.8088 981.9150 982.2371 982.9824 984.2283 986.0012 988.2495 990.8235 993.3029 995.2470 996.3326 996.4213 995.8889 995.1155 994.1774 993.0920 991.8790 990.5627 989.1794 987.7763 986.4265 985.1987 984.1360 983.2567 982.5233 981.8727 981.1996 980.3745 979.2226 977.5676 975.2488 972.2575 968.9755 965.7897 962.9387 960.5869 958.7708 957.4586 956.5001
969.9135 972.2737 974.6071 976.7274 978.4996 979.8346 980.7794 981.4059 981.7351 981.7826 981.6001 981.2542 980.8337 980.4144 979.9960 979.5621 979.1075 978.6706 978.4463 978.6053 979.0869 979.7468 980.3313 980.6404 980.7574 980.8611 981.2440 982.1717 983.7321 985.9421 988.7103 991.8299 994.7902 997.0757 998.3607 998.5195 997.9421 997.0294 995.8945 994.5914 993.1624 991.6508 990.1096 988.5941 987.1617 985.8588 984.6980 983.6713 982.7299 981.8062 980.8009 979.6059 978.1033 976.1805 973.7434 970.8158 967.7222 964.7813 962.1715 960.0073 958.2963 957.0097 956.0700
968.6830 971.1365 973.6132 975.9261 977.9229 979.4871 980.6172 981.3448 981.7090 981.7574 981.5617 981.2039 980.7806 980.3685 979.9508 979.4899 978.9578 978.3800 977.9781 977.9607 978.3134 978.9241 979.5145 979.8478 979.9753 980.0597 980.4284 981.3922 983.0797 985.5309 988.6198 992.0884 995.3562 997.8604 999.3123 999.6200 999.1397 998.2376 997.0317 995.5923 993.9911 992.3022 990.6065 988.9756 987.4501 986.0516 984.7625 983.5518 982.3698 981.1539 979.8141 978.2624 976.4283 974.2552 971.7156 968.8672 965.9778 963.2997 960.9584 959.0250 957.4838 956.3055 955.4597
967.4933 970.0613 972.7233 975.2733 977.5248 979.3223 980.6215 981.4244 981.7999 981.8350 981.6193 981.2440 980.8046 980.3724 979.9161 979.3845 978.7480 978.0364 977.4868 977.3295 977.5829 978.1606 978.7751 979.1677 979.3521 979.4569 979.8000 980.7051 982.3730 984.9073 988.1742 991.8807 995.3724 998.0327 999.6140 1000.0623 999.7026 998.8616 997.6362 996.0907 994.3264 992.4543 990.5927 988.8364 987.2076 985.7003 984.2653 982.8487 981.4043 979.8817 978.2140 976.3428 974.2390 971.8868 969.2938 966.5308 963.8257 961.3856 959.2972 957.6021 956.2743 955.2831 954.6118
966.3004 968.9965 971.8730 974.6848 977.2027 979.2294 980.6855 981.5520 981.9304 981.9485 981.7094 981.3079 980.8292 980.3338 979.7921 979.1592 978.4180 977.6076 976.9578 976.6936 976.8522 977.3710 977.9828 978.4384 978.7234 978.9252 979.3037 980.1516 981.7419 984.2605 987.6093 991.4995 995.2062 998.0485 999.7814 1000.3566 1000.0711 999.2247 997.9117 996.2045 994.2296 992.1299 990.0664 988.1616 986.4163 984.7920 983.2024 981.5694 979.8630 978.0571 976.1133 974.0007 971.7155 969.2648 966.6747 964.0206 961.4990 959.2817 957.4252 955.9501 954.8334 954.0485 953.5775
965.1420 967.9515 971.0387 974.1061 976.8802 979.1234 980.7249 981.6486 982.0294 982.0344 981.7776 981.3517 980.8195 980.2237 979.5557 978.7999 977.9619 977.0919 976.3879 976.0433 976.1016 976.5226 977.0889 977.5930 978.0096 978.3884 978.8967 979.7563 981.2864 983.7447 987.1075 991.1329 995.0494 998.1147 1000.0366 1000.7253 1000.4437 999.4762 997.9537 995.9887 993.7283 991.3392 989.0255 986.9391 985.0580 983.3085 981.5619 979.7161 977.7732 975.7444 973.6144 971.3684 969.0052 966.5372 964.0060 961.4920 959.1628 957.1584 955.5099 954.2242 953.2900 952.6911 952.4072
964.2010 967.0526 970.2845 973.5568 976.5502 978.9831 980.7084 981.6702 982.0427 982.0399 981.7861 981.3675 980.8072 980.1143 979.3055 978.4043 977.4537 976.5251 975.7796 975.3703 975.3386 975.6613 976.1750 976.7215 977.2773 977.8656 978.5652 979.5195 981.0503 983.4468 986.7553 990.7957 994.8057 998.0272 1000.1085 1000.8937 1000.5892 999.4498 997.6563 995.3759 992.7796 990.0573 987.4540 985.1498 983.1042 981.2137 979.3106 977.2740 975.1486 972.9870 970.7825 968.5187 966.1799 963.7700 961.3446 958.9898 956.8486 955.0356 953.5686 952.4493 951.6774 951.2463 951.1336
