inst/extdata/dane_and_iowa_county_water_table_elevation_feet_ROTATED.asc
NCOLS 340
NROWS 316
XLLCORNER 528502.529920
YLLCORNER 274871.653426
CELLSIZE 100.000000
NODATA_VALUE -99999.000000
[rows 168 to 195 of 316, columns 189 to 251 of 340]
905.0137 905.5316 906.5317 908.0594 910.1527 912.8368 916.1273 920.0139 924.4570 929.2845 934.2728 939.2958 944.2819 949.2168 954.0880 958.6934 962.7388 965.8959 967.8647 968.6660 968.4386 967.1578 964.7578 961.3907 957.3096 952.8188 948.2094 943.5375 938.8233 934.4819 931.0365 928.6841 927.4678 927.2733 927.8664 928.6486 928.9709 928.7155 927.9851 927.0184 926.0582 925.0860 923.9850 922.6113 920.8917 919.1998 918.0099 917.5115 917.7734 918.7331 920.2379 921.8940 923.2598 924.0510 924.1592 924.1065 924.5604 925.9373 928.4957 932.1021 936.4018 940.5530 943.7258
906.7637 907.3363 908.4529 910.1816 912.5906 915.7253 919.6102 924.1933 929.3724 934.9463 940.6861 946.5236 952.4556 958.3820 964.1363 969.3917 973.7681 977.0358 979.0596 979.8926 979.6489 978.2820 975.7093 972.0821 967.6620 962.7791 957.7520 952.6330 947.4341 942.6202 938.7694 936.0199 934.3316 933.6391 933.8023 934.2823 934.4692 934.2389 933.6600 932.8742 932.0223 931.0878 929.9785 928.4891 926.4890 924.4753 923.0901 922.5883 923.0613 924.4291 926.4924 928.7267 930.5425 931.5569 931.6172 931.3928 931.7433 933.2063 936.1050 940.2085 945.0222 949.5921 953.0129
908.8693 909.4823 910.6801 912.5638 915.2500 918.8053 923.2513 928.4424 934.1556 940.2127 946.4741 952.9296 959.6025 966.2926 972.6791 978.3255 982.7883 985.9684 987.9280 988.7708 988.5969 987.3483 984.9249 981.4141 977.0057 972.0459 966.8984 961.6053 956.1536 951.0326 946.8533 943.7100 941.5093 940.2631 939.9529 940.1235 940.2205 940.0906 939.7343 939.1802 938.4659 937.6264 936.6471 935.2388 933.1612 930.9788 929.4591 928.9694 929.6869 931.4994 934.1271 936.9185 939.1512 940.3576 940.3503 939.9379 940.1506 941.5855 944.5728 948.7957 953.6619 958.1931 961.4988
911.3920 912.0182 913.2371 915.1899 918.0579 921.9188 926.7709 932.3825 938.4297 944.7642 951.3338 958.1692 965.3002 972.4434 979.1603 984.9542 989.3639 992.3977 994.2686 995.1379 995.1196 994.1548 992.1275 989.0447 984.9990 980.3101 975.3428 970.1335 964.6608 959.4085 954.9823 951.4656 948.7654 946.9771 946.1965 946.0700 946.1210 946.1566 946.0889 945.8245 945.2983 944.6175 943.8726 942.7109 940.7871 938.6558 937.1225 936.6724 937.6006 939.7676 942.8151 945.9955 948.4972 949.8253 949.7974 949.2874 949.3912 950.6830 953.4451 957.3259 961.7219 965.7368 968.5857
914.3956 914.9936 916.1608 918.0730 920.9800 924.9579 929.9683 935.7524 941.9658 948.4521 955.1584 962.1237 969.3848 976.6221 983.3488 989.0762 993.3796 996.3124 998.1378 999.0718 999.2794 998.7084 997.2250 994.7822 991.4013 987.3152 982.8080 977.9158 972.6410 967.4340 962.8557 959.0186 955.8898 953.6366 952.4362 952.0507 952.1073 952.3705 952.6522 952.7404 952.4716 952.0137 951.5562 950.7442 949.1861 947.3447 945.9473 945.5604 946.5923 948.9017 952.0903 955.3708 957.9072 959.2588 959.3000 958.8499 958.9120 959.9552 962.1775 965.2632 968.7005 971.7792 973.8981
917.9341 918.4447 919.5053 921.2902 924.0814 927.9625 932.8937 938.6500 944.9262 951.5117 958.2603 965.1743 972.2845 979.2950 985.7576 991.2364 995.3589 998.1835 999.9651 1000.9754 1001.4516 1001.3360 1000.4568 998.7421 996.1827 992.9104 989.0925 984.7427 979.8717 974.8798 970.2715 966.2114 962.7574 960.1431 958.6113 958.0499 958.2036 958.7736 959.4464 959.9204 959.9706 959.7868 959.6140 959.1653 958.0872 956.6891 955.5172 955.1645 956.1262 958.2941 961.2886 964.3531 966.6973 967.9762 968.1321 967.8313 967.8699 968.5791 970.0737 972.1125 974.3262 976.2436 977.4878
922.1448 922.4766 923.3680 924.9439 927.4575 931.0270 935.6802 941.2682 947.5475 954.2173 960.9766 967.7394 974.4966 981.0306 987.0210 992.1053 995.9532 998.6140 1000.3199 1001.3920 1002.1353 1002.4667 1002.1567 1001.1342 999.4037 997.0210 994.0475 990.4389 986.1635 981.5601 977.0794 972.9358 969.2759 966.4083 964.6545 964.0306 964.3944 965.3519 966.4364 967.3033 967.7213 967.8503 967.9218 967.7759 967.1807 966.2673 965.3387 964.9522 965.6428 967.3712 969.8401 972.3973 974.3602 975.4780 975.7322 975.5806 975.5610 975.8789 976.5930 977.5421 978.4987 979.2294 979.5813
927.3828 927.3753 927.9500 929.1741 931.2408 934.3262 938.5709 943.8965 950.0955 956.7871 963.5353 970.1257 976.4486 982.3803 987.7750 992.3666 995.8773 998.3464 999.9750 1001.0905 1002.0175 1002.6582 1002.7614 1002.2844 1001.2687 999.7232 997.6290 994.8768 991.3724 987.3652 983.2207 979.1646 975.4014 972.3516 970.4671 969.8793 970.5250 971.9048 973.4019 974.6639 975.4865 975.9597 976.2455 976.3168 976.0937 975.5710 974.8391 974.3655 974.6579 975.7604 977.5005 979.3761 980.8470 981.7249 981.9888 981.8984 981.7585 981.6719 981.6566 981.6226 981.4620 981.1361 980.6762
933.8661 933.3305 933.3900 934.0770 935.5245 937.9843 941.7303 946.7171 952.7178 959.3157 966.0181 972.4591 978.3627 983.6793 988.4418 992.5005 995.6533 997.9379 999.5156 1000.6587 1001.6390 1002.3766 1002.6685 1002.5231 1002.0259 1001.1655 999.8772 998.0059 995.4021 992.1943 988.6149 984.8439 981.0959 977.9327 975.9857 975.4892 976.4299 978.2101 980.0839 981.7125 982.9344 983.7523 984.2276 984.4254 984.3930 984.0774 983.4572 982.8718 982.7285 983.1486 984.1001 985.2467 986.1968 986.7808 986.9362 986.7802 986.4606 986.0012 985.3837 984.5723 983.5480 982.3979 981.2739
941.3805 940.2161 939.6269 939.6232 940.2876 941.9661 945.0831 949.6055 955.2551 961.6111 968.1815 974.4552 979.9709 984.7265 988.9055 992.4686 995.2951 997.4240 998.9760 1000.1396 1001.1000 1001.8069 1002.1345 1002.1481 1001.9758 1001.6177 1001.0036 999.9498 998.2581 995.9394 993.0906 989.8210 986.3164 983.2100 981.2476 980.8015 981.9710 984.0658 986.1996 988.0624 989.5603 990.6306 991.2446 991.5012 991.5175 991.2614 990.6937 990.0140 989.4866 989.2916 989.5275 990.0117 990.4880 990.7877 990.7964 990.5331 990.0410 989.2826 988.2071 986.8211 985.1718 983.4177 981.7760
949.5440 947.7396 946.4475 945.6642 945.4401 946.2188 948.5715 952.4783 957.6144 963.5688 969.8710 975.8993 981.0412 985.3175 989.0144 992.1747 994.7410 996.7521 998.2934 999.4754 1000.4012 1001.0439 1001.3440 1001.4113 1001.4095 1001.3753 1001.2690 1000.8929 1000.0098 998.5469 996.5046 993.9290 990.9537 988.1511 986.2363 985.7576 987.0224 989.2704 991.4726 993.3602 994.9288 996.0970 996.7838 997.0648 997.0546 996.7755 996.2318 995.5007 994.7020 994.0486 993.7355 993.7047 993.8121 993.8924 993.7935 993.4622 992.8649 991.9116 990.5215 988.7396 986.6680 984.5000 982.4776
957.7275 955.3187 953.3396 951.8058 950.7639 950.7056 952.2721 955.4708 959.9839 965.4083 971.2745 976.9049 981.6152 985.4444 988.7363 991.5764 993.9377 995.8522 997.3780 998.5685 999.4673 1000.0665 1000.3557 1000.4663 1000.5746 1000.7501 1000.9897 1001.1036 1000.8457 1000.1015 998.8186 997.0026 994.7382 992.4637 990.7637 990.2801 991.4766 993.6149 995.6502 997.3701 998.8415 999.9887 1000.7077 1001.0243 1001.0073 1000.7119 1000.1813 999.4203 998.4561 997.5064 996.8130 996.4182 996.2764 996.2258 996.0840 995.7490 995.1326 994.0914 992.5083 990.4711 988.1390 985.7186 983.4476
965.4285 962.4768 959.8795 957.7158 956.0562 955.3597 956.2167 958.6770 962.5012 967.2869 972.5328 977.5709 981.7465 985.1232 988.0652 990.6555 992.8538 994.6779 996.1691 997.3514 998.2408 998.8474 999.1934 999.4054 999.6417 999.9783 1000.4304 1000.8392 1000.9892 1000.7632 1000.0936 998.9756 997.4677 995.8671 994.5891 994.2065 995.1786 996.9159 998.5607 999.9731 1001.2472 1002.3129 1003.0571 1003.4543 1003.5148 1003.2741 1002.7684 1001.9914 1000.9572 999.8638 998.9479 998.3286 998.0475 997.9458 997.8168 997.5316 996.9695 995.9300 994.2507 992.0673 989.6019 987.0629 984.6666
972.5429 969.0994 965.9678 963.3013 961.1978 960.0338 960.2794 962.0104 965.0771 969.0935 973.5479 977.8409 981.4147 984.3566 987.0157 989.4304 991.5073 993.2462 994.6862 995.8455 996.7354 997.3855 997.8417 998.2094 998.6101 999.1051 999.7095 1000.2997 1000.7051 1000.8240 1000.5928 1000.0200 999.1625 998.2056 997.4079 997.1758 997.8517 999.0542 1000.2187 1001.2889 1002.3637 1003.3659 1004.1652 1004.6893 1004.8937 1004.7746 1004.3422 1003.6072 1002.6053 1001.5068 1000.5168 999.7925 999.4288 999.2815 999.1456 998.8895 998.3812 997.3762 995.6729 993.4421 990.9520 988.4034 985.9844
978.9809 975.1051 971.5328 968.4788 966.0593 964.5522 964.2866 965.3286 967.5838 970.7138 974.2583 977.7289 980.6921 983.2429 985.6805 987.9709 989.9465 991.5927 992.9611 994.0794 994.9683 995.6782 996.2744 996.8351 997.4384 998.1199 998.8829 999.6281 1000.2208 1000.5679 1000.6083 1000.3759 999.9496 999.4542 999.0433 998.9395 999.3290 1000.0245 1000.7507 1001.5345 1002.4784 1003.4837 1004.3885 1005.0781 1005.4647 1005.5153 1005.2222 1004.6113 1003.7366 1002.7430 1001.8012 1001.0607 1000.6226 1000.3778 1000.1609 999.8591 999.3477 998.3654 996.6923 994.5068 992.0870 989.6171 987.2576
984.5474 980.3629 976.4535 973.1030 970.4586 968.7003 968.0077 968.4199 969.8802 972.1214 974.7743 977.4711 979.8945 982.1116 984.3299 986.4537 988.2735 989.7742 991.0253 992.0693 992.9407 993.7087 994.4527 995.2216 996.0479 996.9456 997.9084 998.8518 999.6591 1000.2149 1000.4279 1000.3593 1000.1295 999.8542 999.6438 999.5875 999.7471 1000.0691 1000.4833 1001.0747 1001.9483 1002.9951 1004.0342 1004.9112 1005.4952 1005.7343 1005.6133 1005.1691 1004.4668 1003.6285 1002.7910 1002.0693 1001.5436 1001.1543 1000.8006 1000.3959 999.8303 998.8578 997.2672 995.2162 992.9536 990.6385 988.4055
989.0281 984.7277 980.6136 977.0532 974.2477 972.2945 971.2358 971.0858 971.8246 973.2667 975.1462 977.2000 979.1961 981.1348 983.0980 984.9608 986.5291 987.8069 988.8829 989.8130 990.6434 991.4568 992.3420 993.3145 994.3608 995.4844 996.6845 997.8868 998.9771 999.7784 1000.1266 1000.1013 999.8745 999.5919 999.3764 999.2725 999.2930 999.4397 999.7251 1000.2505 1001.1156 1002.2225 1003.3996 1004.4589 1005.2263 1005.6388 1005.6821 1005.4003 1004.8628 1004.1705 1003.4288 1002.7134 1002.0789 1001.5213 1001.0110 1000.4825 999.8376 998.8724 997.4114 995.5694 993.5352 991.4355 989.3801
992.1993 988.0374 983.9238 980.2880 977.3749 975.2380 973.8398 973.1835 973.2788 974.0164 975.2277 976.7327 978.3593 980.0400 981.7419 983.3172 984.5935 985.6055 986.4742 987.2703 988.0477 988.9000 989.9210 991.0820 992.3124 993.6132 995.0042 996.4294 997.7808 998.8151 999.2865 999.2782 998.9997 998.6351 998.3423 998.1803 998.1693 998.3264 998.6763 999.2985 1000.2631 1001.4752 1002.7741 1003.9628 1004.8541 1005.3847 1005.5447 1005.3788 1004.9531 1004.3488 1003.6467 1002.8990 1002.1497 1001.4440 1000.8108 1000.1927 999.4932 998.5573 997.2538 995.6544 993.8841 992.0344 990.1890
993.8189 990.0932 986.2443 982.7145 979.7607 977.4404 975.7166 974.6025 974.1271 974.2422 974.8581 975.8561 977.1068 978.5067 979.9538 981.2699 982.2748 983.0345 983.7157 984.4016 985.1455 986.0472 987.2009 988.5214 989.8679 991.2466 992.7137 994.2482 995.7662 996.9796 997.5771 997.6288 997.3530 996.9568 996.6281 996.4659 996.5305 996.8502 997.4432 998.3383 999.5441 1000.9344 1002.3351 1003.5768 1004.5101 1005.0852 1005.2951 1005.1786 1004.7918 1004.1989 1003.4649 1002.6444 1001.7930 1000.9902 1000.2982 999.6537 998.9523 998.0784 996.9409 995.5823 994.0804 992.4921 990.8719
993.6060 990.6197 987.3119 984.0970 981.2303 978.7975 976.8032 975.2884 974.3055 973.8555 973.9084 974.3904 975.2058 976.2493 977.4017 978.4712 979.2691 979.8789 980.4913 981.1815 981.9812 982.9805 984.2631 985.6890 987.0565 988.3943 989.8147 991.3484 992.9504 994.2998 995.0290 995.1838 994.9741 994.6135 994.3076 994.2040 994.4172 994.9952 995.9528 997.2570 998.8360 1000.4930 1002.0059 1003.2615 1004.1927 1004.7723 1004.9941 1004.8895 1004.5042 1003.8911 1003.1076 1002.2196 1001.3001 1000.4453 999.7295 999.0848 998.4037 997.6022 996.6215 995.4872 994.2450 992.9170 991.5248
991.5311 989.5231 986.9869 984.2809 981.6569 979.2324 977.0612 975.2216 973.7990 972.8336 972.3380 972.2728 972.5734 973.1648 973.9571 974.7782 975.4526 976.0589 976.7712 977.6218 978.5912 979.7412 981.1352 982.6000 983.9050 985.1162 986.4106 987.8749 989.5061 990.9569 991.8100 992.0875 991.9867 991.7151 991.4810 991.4747 991.8650 992.7332 994.1075 995.8978 997.9468 999.9594 1001.6357 1002.9268 1003.8657 1004.4525 1004.6822 1004.5833 1004.1970 1003.5730 1002.7667 1001.8517 1000.9103 1000.0386 999.3104 998.6639 998.0027 997.2684 996.4247 995.4890 994.4860 993.4041 992.2308
988.1407 987.1419 985.4460 983.3381 981.0508 978.7335 976.4941 974.4428 972.6864 971.2905 970.2948 969.6912 969.4500 969.5490 969.9562 970.5372 971.1391 971.8246 972.7296 973.8142 974.9787 976.2557 977.7039 979.1612 980.4153 981.5554 982.7836 984.2114 985.8554 987.3586 988.2838 988.6469 988.6430 988.4653 988.3101 988.3954 988.9340 990.0524 991.8126 994.0786 996.6171 999.0449 1000.9886 1002.4286 1003.4578 1004.1011 1004.3655 1004.2873 1003.9138 1003.2979 1002.4984 1001.5928 1000.6660 999.8071 999.0837 998.4471 997.8196 997.1573 996.4354 995.6681 994.8702 994.0032 993.0263
983.9603 983.8296 982.9037 981.3890 979.4796 977.3508 975.1639 973.0444 971.0963 969.3936 967.9923 966.9168 966.1797 965.8188 965.8667 966.2287 966.7748 967.5491 968.6439 969.9319 971.2184 972.5234 973.9344 975.3527 976.6323 977.8475 979.1539 980.6365 982.2982 983.7973 984.7230 985.1109 985.1685 985.0710 984.9902 985.1499 985.7846 987.0714 989.1203 991.7751 994.7552 997.6255 999.9619 1001.7120 1002.9489 1003.7175 1004.0564 1004.0234 1003.6825 1003.0958 1002.3280 1001.4589 1000.5726 999.7515 999.0577 998.4575 997.8910 997.3158 996.7042 996.0726 995.4362 994.7415 993.9302
979.2981 979.8438 979.5637 978.5949 977.0958 975.2507 973.2495 971.2153 969.2371 967.3876 965.7318 964.3287 963.2372 962.5380 962.3050 962.4811 962.9650 963.7764 964.9562 966.3036 967.5529 968.7393 970.0079 971.3500 972.7032 974.0870 975.5521 977.1274 978.7908 980.2439 981.1418 981.5510 981.6909 981.7172 981.7714 982.0551 982.7915 984.1901 986.4078 989.3188 992.6599 995.9692 998.7733 1000.9333 1002.4412 1003.3633 1003.7914 1003.8142 1003.5173 1002.9739 1002.2546 1001.4399 1000.6122 999.8498 999.2131 998.6814 998.2069 997.7344 997.2204 996.6906 996.1729 995.6106 994.9363
974.4853 975.4897 975.6964 975.1924 974.1183 972.6464 970.9561 969.1549 967.3137 965.4982 963.7747 962.2329 960.9732 960.0933 959.6755 959.6965 960.0910 960.8484 961.9524 963.1649 964.2001 965.1337 966.1792 967.4133 968.8444 970.4116 972.0330 973.6760 975.3002 976.6759 977.5522 978.0257 978.3170 978.5626 978.8732 979.4013 980.3214 981.8434 984.1519 987.2032 990.8182 994.5171 997.7639 1000.3149 1002.0651 1003.1094 1003.6054 1003.6744 1003.4215 1002.9278 1002.2676 1001.5195 1000.7632 1000.0759 999.5192 999.0808 998.7184 998.3546 997.9233 997.4662 997.0349 996.5757 996.0176
969.9655 971.2021 971.7194 971.5698 970.8865 969.8185 968.5142 967.0577 965.5003 963.8883 962.2713 960.7468 959.4340 958.4460 957.8812 957.7462 958.0057 958.6222 959.5339 960.5056 961.2767 961.9570 962.7986 963.9279 965.3917 967.0630 968.7578 970.3936 971.9158 973.1771 974.0350 974.6157 975.1361 975.7149 976.4335 977.3810 978.6625 980.4581 982.9497 986.1663 990.0094 993.9699 997.4476 1000.1584 1001.9755 1003.0285 1003.5232 1003.6017 1003.3786 1002.9354 1002.3431 1001.6745 1001.0027 1000.4007 999.9280 999.5767 999.3073 999.0284 998.6616 998.2662 997.9158 997.5566 997.1099
966.1143 967.3664 968.0145 968.0883 967.7180 967.0268 966.1268 965.0759 963.9025 962.6185 961.2360 959.8316 958.5171 957.4333 956.7213 956.4144 956.4926 956.9034 957.5644 958.2770 958.8368 959.3593 960.0834 961.1347 962.5608 964.2076 965.8531 967.3841 968.7328 969.8371 970.6667 971.3809 972.1952 973.2108 974.4793 976.0244 977.8749 980.1583 983.0218 986.5152 990.5681 994.6237 998.0285 1000.5656 1002.2068 1003.1196 1003.5250 1003.5668 1003.3561 1002.9641 1002.4496 1001.8734 1001.2973 1000.7841 1000.3855 1000.0945 999.8755 999.6428 999.3248 998.9935 998.7327 998.4811 998.1467
963.1321 964.2278 964.8466 965.0107 964.8521 964.4682 963.9334 963.2741 962.4897 961.5510 960.4266 959.1713 957.8896 956.7452 955.9136 955.4467 955.3340 955.5229 955.9327 956.4158 956.8290 957.2732 957.9418 958.9337 960.2798 961.8236 963.3429 964.7038 965.8245 966.7277 967.4964 968.3314 969.4565 970.9506 972.8270 975.0439 977.5568 980.4301 983.7586 987.5771 991.8074 995.8463 999.0067 1001.1928 1002.5306 1003.2265 1003.4995 1003.4877 1003.2925 1002.9651 1002.5419 1002.0677 1001.5909 1001.1635 1000.8287 1000.5803 1000.3882 1000.1838 999.9131 999.6486 999.4694 999.3081 999.0663
