inst/extdata/dane_and_iowa_county_water_table_elevation_feet_ROTATED.asc
NCOLS 340
NROWS 316
XLLCORNER 528502.529920
YLLCORNER 274871.653426
CELLSIZE 100.000000
NODATA_VALUE -99999.000000
[rows 252 to 279 of 316, columns 189 to 251 of 340]
1015.5873 1018.1509 1019.5651 1019.8599 1019.3405 1018.1766 1016.4692 1014.3268 1011.8726 1009.3188 1006.9102 1004.8085 1003.0976 1001.5622 999.8464 997.5908 994.5002 990.7700 986.7900 982.7500 978.7354 974.7240 970.6906 966.9160 963.7518 961.1403 958.8492 956.6289 954.2583 951.7525 949.2210 946.7706 944.5156 942.6268 941.2656 940.4017 939.9272 939.7025 939.5992 939.6237 939.8015 939.9842 939.9933 939.8329 939.5715 939.2813 939.0225 938.7874 938.5471 938.2872 937.9975 937.6671 937.2897 936.8813 936.4646 936.0601 935.6865 935.3592 935.0938 934.9121 934.8354 934.8736 935.0278
1016.1359 1018.0875 1019.1531 1019.2864 1018.6713 1017.4517 1015.7495 1013.6760 1011.3438 1008.9199 1006.5905 1004.4800 1002.6515 1000.9192 998.9820 996.5481 993.3934 989.7640 986.0771 982.4448 978.8311 975.1111 971.1795 967.3410 964.0197 961.2615 958.9360 956.7911 954.5610 952.2131 949.8149 947.4720 945.3091 943.4777 942.1161 941.2180 940.7163 940.5050 940.4782 940.6143 940.8932 941.1241 941.0931 940.7998 940.3290 939.8214 939.4133 939.1123 938.8804 938.6650 938.4134 938.0966 937.7001 937.2439 936.7593 936.2766 935.8237 935.4179 935.0742 934.8137 934.6572 934.6141 934.6865
1016.8178 1018.1351 1018.8160 1018.7580 1018.0380 1016.7596 1015.0384 1012.9818 1010.6971 1008.3180 1005.9857 1003.7953 1001.7933 999.8185 997.6165 994.9632 991.7108 988.1724 984.8142 981.6975 978.6865 975.5212 971.9598 968.2643 964.8722 961.9474 959.5060 957.3415 955.1857 952.9664 950.7029 948.4992 946.4908 944.8060 943.5514 942.7218 942.2669 942.1213 942.2161 942.4959 942.8825 943.1370 943.0049 942.4690 941.6238 940.7241 940.0360 939.5917 939.3335 939.1490 938.9208 938.5994 938.1663 937.6493 937.0900 936.5273 935.9958 935.5138 935.0953 934.7599 934.5264 934.4048 934.3987
1017.5453 1018.2904 1018.5920 1018.3169 1017.4681 1016.1110 1014.3425 1012.2656 1009.9872 1007.6235 1005.2877 1003.0370 1000.8823 998.6849 996.2435 993.4144 990.1357 986.7551 983.7456 981.1470 978.7762 976.2352 973.1187 969.6244 966.1860 963.0881 960.5034 958.2753 956.1387 953.9977 951.8438 949.7863 947.9745 946.5151 945.4822 944.8480 944.5512 944.5583 944.8381 945.3093 945.8431 946.1378 945.8802 945.0384 943.7267 942.3234 941.2333 940.5162 940.0994 939.8273 939.5351 939.1519 938.6483 938.0527 937.4112 936.7678 936.1615 935.6105 935.1270 934.7267 934.4251 934.2320 934.1527
1018.2461 1018.5368 1018.5030 1018.0045 1017.0063 1015.5468 1013.7026 1011.5748 1009.2759 1006.9230 1004.6222 1002.3779 1000.1368 997.7785 995.1623 992.2369 989.0329 985.8841 983.2089 981.0430 979.2066 977.1936 974.4548 971.1297 967.6464 964.3965 961.6914 959.4095 957.2777 955.1923 953.1389 951.2405 949.6627 948.4981 947.7923 947.4752 947.4467 947.6907 948.2067 948.9026 949.6168 949.9783 949.6025 948.4528 946.6736 944.7381 943.1551 942.0154 941.2526 940.7132 940.2296 939.7089 939.0961 938.4067 937.6799 936.9601 936.2880 935.6801 935.1456 934.6946 934.3373 934.0825 933.9365
1018.8701 1018.8445 1018.5519 1017.8584 1016.7150 1015.1420 1013.1986 1010.9867 1008.6304 1006.2689 1004.0263 1001.8466 999.5907 997.1453 994.4244 991.4615 988.3696 985.4473 983.0334 981.1523 979.6359 977.9369 975.4441 972.2479 968.7477 965.4083 962.6453 960.3670 958.2982 956.3265 954.4304 952.7452 951.4534 950.6441 950.3447 950.4282 950.7339 951.2521 952.0092 952.9135 953.7878 954.2111 953.7462 952.3582 950.2136 947.8143 945.7018 944.0084 942.7142 941.7258 940.9255 940.1987 939.4479 938.6611 937.8572 937.0750 936.3534 935.7054 935.1357 934.6489 934.2494 933.9440 933.7385
1019.3834 1019.1810 1018.7252 1017.8925 1016.6306 1014.9474 1012.8875 1010.5546 1008.0869 1005.6683 1003.4695 1001.3812 999.1737 996.7214 993.9680 991.0078 988.0169 985.2631 983.0175 981.2770 979.8674 978.2647 975.8834 972.7721 969.2744 965.8983 963.1379 960.9369 959.0318 957.2840 955.6365 954.2313 953.2723 952.8594 953.0175 953.5580 954.2484 955.0775 956.0919 957.1885 958.1691 958.5983 958.0318 956.4519 954.0413 951.2607 948.6082 946.2642 944.2928 942.7105 941.4960 940.5157 939.6185 938.7500 937.8950 937.0787 936.3338 935.6685 935.0831 934.5770 934.1503 933.8067 933.5508
1019.7715 1019.5129 1018.9919 1018.0926 1016.7579 1014.9828 1012.7974 1010.3029 1007.6482 1005.0825 1002.8554 1000.8326 998.7141 996.3348 993.6200 990.6906 987.7640 985.1050 982.9611 981.2961 979.9086 978.3121 975.9738 972.9016 969.3747 965.9470 963.1996 961.1281 959.4928 958.0900 956.7755 955.6930 955.0828 955.0751 955.7122 956.7538 957.8997 959.1307 960.4958 961.8272 962.8531 963.1624 962.3689 960.5109 957.8066 954.6434 951.4321 948.3924 945.6782 943.4365 941.7651 940.5204 939.4988 938.5922 937.7359 936.9330 936.2036 935.5514 934.9744 934.4687 934.0313 933.6639 933.3704
1020.0607 1019.8417 1019.3460 1018.4596 1017.1127 1015.2849 1012.9901 1010.3253 1007.4477 1004.6738 1002.3394 1000.3206 998.2869 996.0160 993.3699 990.4615 987.5273 984.8679 982.7660 981.1653 979.8267 978.2767 976.0081 972.9855 969.4309 965.9455 963.2004 961.2740 959.9809 959.0049 958.0483 957.2665 956.9728 957.3442 958.4483 960.0029 961.6467 963.3395 965.1092 966.6791 967.6652 967.7056 966.5198 964.2402 961.1494 957.5612 953.7880 950.0755 946.6539 943.7871 941.6827 940.1966 939.0864 938.1879 937.3810 936.6392 935.9643 935.3555 934.8103 934.3237 933.8912 933.5141 933.1958
1020.3224 1020.2087 1019.8110 1019.0115 1017.7235 1015.9085 1013.5646 1010.7922 1007.7641 1004.8286 1002.3613 1000.2720 998.2524 996.0327 993.4006 990.4377 987.3790 984.5942 982.4567 980.9260 979.7433 978.4006 976.3493 973.5085 970.0596 966.6114 963.8762 962.0621 961.1081 960.5459 959.8564 959.2461 959.1714 959.8589 961.3799 963.4025 965.4980 967.5788 969.6268 971.2855 972.0993 971.7538 970.0599 967.2529 963.6984 959.6587 955.3670 951.0912 947.1191 943.7816 941.3455 939.6722 938.5026 937.6332 936.8995 936.2450 935.6491 935.1047 934.6080 934.1538 933.7375 933.3608 933.0280
1020.6073 1020.6372 1020.3840 1019.7258 1018.5610 1016.8292 1014.5070 1011.7076 1008.6288 1005.6112 1003.0140 1000.7983 998.7263 996.4954 993.8173 990.7333 987.4664 984.4631 982.2071 980.7172 979.7598 978.7675 977.1012 974.6290 971.4971 968.2706 965.6381 963.9452 963.2863 963.0367 962.4486 961.8372 961.8711 962.7977 964.6343 966.9899 969.3745 971.6342 973.6895 975.1614 975.5953 974.7289 972.4460 969.0664 965.0265 960.5618 955.8582 951.2081 946.9394 943.3813 940.7881 939.0253 937.8392 937.0127 936.3610 935.8035 935.2972 934.8274 934.3876 933.9724 933.5777 933.2065 932.8645
1020.9388 1021.1270 1021.0295 1020.5322 1019.5292 1017.9293 1015.6715 1012.8802 1009.7839 1006.7064 1003.9796 1001.6330 999.5255 997.3156 994.6190 991.4420 988.0057 984.7937 982.3489 980.7827 979.9536 979.2821 978.0709 976.1261 973.5289 970.7736 968.4905 967.0677 966.6602 966.5495 965.8757 965.1254 965.2040 966.3034 968.2893 970.7213 973.0924 975.1962 976.8976 977.8272 977.5733 975.9781 973.0392 969.1187 964.6642 959.8898 954.9583 950.1907 945.9435 942.4790 939.9681 938.2691 937.1455 936.3920 935.8309 935.3702 934.9522 934.5558 934.1714 933.7935 933.4189 933.0517 932.6990
1021.3182 1021.6631 1021.7096 1021.3605 1020.5163 1019.0585 1016.8867 1014.1262 1011.0217 1007.8789 1005.0076 1002.5226 1000.4003 998.2656 995.6380 992.4893 989.0327 985.7254 983.0919 981.3431 980.4788 979.9826 979.1750 977.8012 975.8506 973.7408 972.0311 971.0326 970.8320 970.7122 969.8619 968.9421 969.0348 970.2159 972.1508 974.3773 976.4250 978.0610 979.1116 979.2278 978.0560 975.5847 971.9631 967.5515 962.7504 957.7725 952.7954 948.1607 944.2253 941.1354 938.9293 937.4465 936.4708 935.8266 935.3638 934.9937 934.6547 934.3221 933.9844 933.6357 933.2737 932.9035 932.5334
1021.7249 1022.2167 1022.3875 1022.1476 1021.4037 1020.0434 1017.9692 1015.2885 1012.2161 1009.0136 1005.9576 1003.2639 1001.0583 998.9894 996.5391 993.6213 990.3799 987.1873 984.4947 982.5801 981.5703 981.0629 980.4693 979.5084 978.0941 976.5766 975.4425 974.8719 974.8286 974.6845 973.7858 972.8438 972.9346 974.0424 975.7283 977.5538 979.1092 980.1535 980.4871 979.7827 977.7369 974.4527 970.1921 965.2924 960.1048 954.9116 949.9818 945.6406 942.1788 939.6052 937.8193 936.6396 935.8686 935.3624 935.0030 934.7145 934.4410 934.1583 933.8536 933.5217 933.1607 932.7767 932.3789
1022.1804 1022.8019 1023.0814 1022.9223 1022.2315 1020.9329 1018.9739 1016.4289 1013.4413 1010.2062 1006.9539 1003.9949 1001.6091 999.5426 997.3300 994.8058 991.9758 989.0875 986.4902 984.4825 983.2734 982.5939 981.9945 981.2125 980.1259 979.0257 978.3220 978.0684 978.1201 977.9927 977.2314 976.4461 976.5187 977.4018 978.6923 980.0193 981.0411 981.5170 981.2291 979.8691 977.1682 973.2731 968.4819 963.1053 957.4748 952.0165 947.1596 943.1757 940.2283 938.1896 936.8392 935.9772 935.4225 935.0577 934.7920 934.5670 934.3391 934.0868 933.7975 933.4661 933.0916 932.6805 932.2424
1022.7477 1023.4767 1023.8671 1023.8117 1023.2107 1022.0161 1020.2125 1017.8419 1014.9819 1011.7708 1008.3969 1005.2152 1002.5977 1000.4343 998.4002 996.2617 993.8640 991.3225 988.8812 986.8292 985.4188 984.5005 983.7639 982.9952 982.0729 981.2189 980.7484 980.6382 980.7021 980.5978 980.0347 979.4529 979.4754 980.0604 980.9105 981.7445 982.2922 982.3144 981.5744 979.7831 976.6962 972.4412 967.2832 961.5134 955.4760 949.7596 944.9650 941.3044 938.8068 937.2244 936.2383 935.6348 935.2482 934.9838 934.7743 934.5789 934.3671 934.1202 933.8244 933.4748 933.0703 932.6174 932.1255
1023.3449 1024.1985 1024.7417 1024.8575 1024.4347 1023.4286 1021.8319 1019.6649 1016.9692 1013.8510 1010.4708 1007.1720 1004.3401 1002.0073 1000.0245 998.1284 996.0412 993.7698 991.4644 989.3867 987.8016 986.6464 985.7223 984.8757 984.0075 983.2606 982.8413 982.7062 982.6974 982.5828 982.1718 981.7341 981.6562 981.9163 982.3337 982.7244 982.8952 982.6071 981.6006 979.5974 976.3660 971.9859 966.6608 960.6681 954.3736 948.4905 943.7493 940.3262 938.1578 936.9030 936.1628 935.7156 935.4120 935.1790 934.9712 934.7626 934.5333 934.2643 933.9393 933.5519 933.1004 932.5906 932.0316
1023.7328 1024.8153 1025.6138 1026.0035 1025.8594 1025.1256 1023.7857 1021.8512 1019.3549 1016.3913 1013.1060 1009.8121 1006.8699 1004.3855 1002.3194 1000.4361 998.4422 996.2838 994.0357 991.9208 990.1913 988.8384 987.7426 986.7982 985.9278 985.2028 984.7341 984.4807 984.3326 984.1345 983.7553 983.3353 983.0870 983.0031 982.9920 982.9689 982.8295 982.3373 981.2057 979.1418 975.9030 971.5527 966.2761 960.3263 954.0526 948.2011 943.5463 940.2748 938.3129 937.2569 936.6404 936.2390 935.9227 935.6430 935.3788 935.1145 934.8350 934.5183 934.1432 933.7003 933.1859 932.6049 931.9658
1023.7391 1025.2004 1026.3909 1027.1758 1027.4121 1027.0266 1025.9868 1024.3062 1022.0275 1019.2488 1016.1130 1012.9047 1009.9475 1007.3455 1005.0800 1002.9883 1000.8619 998.6449 996.3701 994.2148 992.3925 990.9143 989.7039 988.6833 987.7866 987.0330 986.4659 986.0502 985.7141 985.3509 984.8652 984.3210 983.8271 983.3765 982.9252 982.4793 982.0284 981.3472 980.1291 978.0623 974.8917 970.7010 965.6963 960.0890 954.1641 948.6027 944.1308 940.9797 939.1354 938.1686 937.5693 937.1193 936.7119 936.3250 935.9608 935.6098 935.2565 934.8733 934.4319 933.9193 933.3287 932.6640 931.9331
1023.2767 1025.2650 1026.9877 1028.2883 1028.9985 1029.0240 1028.3163 1026.8945 1024.8184 1022.1998 1019.1901 1016.0494 1013.0637 1010.3142 1007.7772 1005.3618 1002.9604 1000.5665 998.2302 996.0790 994.2546 992.7511 991.4989 990.4324 989.4941 988.6739 987.9761 987.3722 986.8159 986.2296 985.5387 984.7658 983.9612 983.1078 982.1788 981.2485 980.3847 979.3887 977.9660 975.8423 972.8035 968.9352 964.4243 959.4241 954.1401 949.1340 945.0239 942.0693 940.3218 939.3723 938.7184 938.1656 937.6342 937.1224 936.6479 936.2030 935.7689 935.3115 934.7960 934.2049 933.5288 932.7703 931.9376
1022.4094 1025.0302 1027.3907 1029.3003 1030.5530 1031.0302 1030.6681 1029.4912 1027.5748 1025.0492 1022.0825 1018.9272 1015.8505 1012.9196 1010.1051 1007.3621 1004.6525 1002.0428 999.6436 997.5383 995.7839 994.3312 993.0892 991.9936 990.9955 990.0748 989.2206 988.4102 987.6108 986.7602 985.7942 984.7129 983.5343 982.2310 980.7802 979.2972 977.9044 976.4479 974.6833 972.4346 969.5806 966.1694 962.3072 958.0834 953.6346 949.3910 945.8383 943.2157 941.5990 940.6387 939.8992 939.2276 938.5747 937.9510 937.3791 936.8500 936.3409 935.8116 935.2208 934.5472 933.7790 932.9185 931.9751
1021.3426 1024.6202 1027.6536 1030.2122 1032.0365 1032.9766 1032.9504 1031.9846 1030.1663 1027.6421 1024.6000 1021.3240 1018.1132 1015.0267 1012.0142 1009.0471 1006.1237 1003.3593 1000.9098 998.8364 997.1450 995.7440 994.5076 993.3657 992.2752 991.2167 990.1788 989.1422 988.0789 986.9308 985.6348 984.1757 982.5538 980.7455 978.7419 976.6821 974.7202 972.7645 970.6467 968.2919 965.6636 962.7512 959.5593 956.1285 952.5530 949.1563 946.3029 944.1519 942.7366 941.7866 940.9753 940.2044 939.4565 938.7492 938.1043 937.5104 936.9413 936.3498 935.6876 934.9306 934.0654 933.0958 932.0336
1019.9957 1023.9156 1027.6406 1030.8885 1033.3192 1034.7415 1035.0557 1034.2881 1032.5359 1029.9606 1026.7717 1023.3133 1019.9537 1016.7509 1013.6245 1010.5466 1007.5293 1004.6975 1002.2129 1000.1348 998.4603 997.0670 995.7933 994.5616 993.3338 992.0972 990.8475 989.5671 988.2280 986.7687 985.1197 983.2449 981.1259 978.7669 976.2020 973.5900 971.1035 968.7135 966.3297 963.9418 961.5565 959.1059 956.5121 953.7891 951.0144 948.4378 946.3272 944.7272 943.5817 942.6970 941.8659 941.0448 940.2454 939.4908 938.8017 938.1660 937.5560 936.9170 936.1918 935.3538 934.3897 933.3067 932.1205
1017.9992 1022.5496 1027.0220 1031.0505 1034.1711 1036.1427 1036.8536 1036.3346 1034.6949 1032.1169 1028.8373 1025.2446 1021.7558 1018.4387 1015.2069 1012.0430 1008.9736 1006.1123 1003.6005 1001.4949 999.7949 998.3553 996.9847 995.6036 994.1846 992.7272 991.2387 989.7036 988.0919 986.3377 984.3611 982.0851 979.4527 976.5253 973.4223 970.3354 967.4541 964.7872 962.2850 959.9509 957.7903 955.7073 953.5903 951.4448 949.3387 947.4612 945.9997 944.9084 944.0601 943.3130 942.5435 941.7446 940.9477 940.1835 939.4764 938.8197 938.1888 937.5192 936.7424 935.8297 934.7692 933.5728 932.2621
1015.2219 1020.3331 1025.5300 1030.3615 1034.2444 1036.8718 1038.0967 1037.9399 1036.5170 1034.0404 1030.7855 1027.1555 1023.5723 1020.1290 1016.7725 1013.5125 1010.3947 1007.5143 1004.9801 1002.8363 1001.0771 999.5418 998.0213 996.4413 994.7888 993.0780 991.3297 989.5319 987.6530 985.6209 983.3423 980.6908 977.5655 974.1074 970.5504 967.1235 964.0229 961.2598 958.7813 956.5661 954.5929 952.7705 951.0017 949.2934 947.7029 946.3616 945.3890 944.6981 944.1384 943.5913 942.9664 942.2687 941.5344 940.8032 940.1093 939.4568 938.8281 938.1472 937.3311 936.3506 935.1981 933.8922 932.4619
1011.7897 1017.2748 1022.9822 1028.4526 1033.0944 1036.5092 1038.4252 1038.8020 1037.7330 1035.4686 1032.3435 1028.7589 1025.1140 1021.5452 1018.0687 1014.7252 1011.5698 1008.6783 1006.1287 1003.9442 1002.1040 1000.4418 998.7480 996.9543 995.0566 993.0818 991.0631 988.9937 986.8419 984.5215 981.9194 978.8900 975.3274 971.4578 967.6187 964.0452 960.9038 958.1798 955.7972 953.7122 951.8868 950.2496 948.7311 947.3427 946.1304 945.1741 944.5370 944.1316 943.8235 943.5019 943.0794 942.5504 941.9396 941.2925 940.6549 940.0427 939.4458 938.7744 937.9298 936.8864 935.6462 934.2378 932.6989
1007.9191 1013.5579 1019.5100 1025.3840 1030.6799 1034.9041 1037.6038 1038.6392 1038.0549 1036.1298 1033.2556 1029.8180 1026.1775 1022.5229 1018.9586 1015.5556 1012.3704 1009.4671 1006.9048 1004.6843 1002.7623 1000.9694 999.1014 997.0956 994.9544 992.7141 990.4185 988.0673 985.6308 983.0059 980.0614 976.6769 972.7918 968.6932 964.7726 961.2335 958.1827 955.5720 953.3036 951.3291 949.6146 948.1092 946.7664 945.6008 944.6485 943.9468 943.5176 943.2964 943.1870 943.0818 942.8824 942.5596 942.1154 941.5965 941.0580 940.5237 939.9881 939.3467 938.4854 937.3878 936.0711 934.5765 932.9512
1003.9025 1009.5283 1015.5493 1021.6382 1027.3644 1032.1837 1035.5369 1037.2103 1037.1964 1035.7623 1033.3035 1030.1660 1026.6622 1023.0229 1019.4309 1015.9900 1012.7682 1009.8359 1007.2539 1005.0076 1003.0316 1001.1379 999.1089 996.8908 994.5034 991.9941 989.4146 986.7711 984.0388 981.1104 977.8564 974.2166 970.2020 966.0984 962.2655 958.8597 955.9402 953.4448 951.2750 949.3860 947.7513 946.3354 945.1079 944.0847 943.2946 942.7469 942.4379 942.3297 942.3639 942.4349 942.4325 942.3058 942.0355 941.6665 941.2568 940.8303 940.3780 939.7830 938.9207 937.7872 936.4188 934.8698 933.1968
