inst/extdata/dem_filtered_rot.asc
NCOLS 340
NROWS 316
XLLCORNER 528502.529920
YLLCORNER 274871.653426
CELLSIZE 100.000000
NODATA_VALUE -9999.000000
[rows 56 to 83 of 316, columns 189 to 251 of 340]
307.5043 307.5912 307.7089 307.6532 307.0711 305.7820 304.3314 303.0534 302.2755 301.4401 299.4243 296.7513 294.1460 292.1672 291.6281 291.8545 292.7647 294.2327 295.8858 296.9743 297.0774 297.0243 297.6319 299.2081 301.5988 305.0410 309.0530 312.8587 315.7216 317.5549 318.5737 318.4611 317.8979 317.5558 317.3317 317.3780 317.9632 319.4326 320.8987 322.6749 324.7464 327.0634 329.3938 331.7765 334.4414 337.2735 339.9053 341.9442 343.5918 344.9099 346.0945 347.1826 347.9596 348.6780 349.2934 349.6370 350.0011 350.2391 350.4016 350.5282 350.4819 350.0294 348.8724
310.3729 310.2960 309.9642 309.5695 308.9178 307.8397 306.7387 305.6908 304.8013 304.0175 302.2705 299.7901 296.9318 294.9926 294.4156 294.8806 295.7797 297.1275 298.6969 299.7076 299.9426 300.1137 300.5274 302.0494 304.1826 307.2529 310.9121 314.7144 317.8197 320.0962 321.1106 321.0453 320.7368 320.3095 319.8906 319.9054 320.3091 321.5465 323.0858 325.0612 327.4265 329.9811 332.4342 334.9250 337.4495 339.8144 341.7863 343.3538 344.4652 345.3636 346.1103 346.8877 347.5157 348.0307 348.4389 348.9142 349.3779 349.4391 349.2111 348.6609 348.2360 347.6216 346.4458
312.6315 312.5282 311.9718 311.1941 310.2998 309.3332 308.7991 308.0901 307.1068 306.1966 304.5260 302.0269 299.6310 297.9637 297.2712 297.5240 298.4560 299.8727 301.2265 302.0538 302.5861 303.3554 304.2982 305.6187 307.2014 309.2851 312.2062 315.3832 318.4966 321.0403 322.2202 322.3618 322.3510 322.4370 322.1705 322.0761 322.5363 323.7597 325.4168 327.5448 329.9435 332.4219 334.9275 337.5577 339.9903 341.9844 343.4742 344.4003 344.8878 345.3558 345.7914 346.2489 346.5523 346.7679 347.1653 347.6541 347.9156 347.8297 347.2593 346.4312 345.5000 344.6724 343.4638
314.0617 314.0336 313.4359 312.7484 311.8633 310.7816 310.3371 309.7256 308.9501 307.9397 306.0979 303.8698 302.1815 300.9113 300.3903 300.3515 301.0605 302.5816 303.8706 304.3410 304.8360 305.9256 307.7422 309.2014 310.3566 311.7165 313.4493 315.9038 318.8214 321.3208 322.5113 323.0247 323.4856 323.8942 323.8911 323.8449 324.3697 325.7411 327.6301 329.6563 331.9536 334.4182 336.8611 339.4889 341.8098 343.4582 344.5597 345.1617 345.2691 345.2838 345.2084 345.1721 345.2105 345.3306 345.6456 345.8762 345.8613 345.5324 344.8126 343.8660 342.7315 341.4343 340.1490
314.9101 314.8605 314.4800 314.0822 313.0956 311.9808 311.4187 310.7045 309.9485 308.6755 306.9773 305.6870 304.6564 303.9021 303.4993 303.4897 304.2674 305.3669 306.4117 306.6718 306.8029 307.8752 309.9439 312.0668 313.4506 314.6967 315.7685 317.2110 319.2426 321.2270 322.6705 323.5378 324.3891 325.0138 325.2563 325.5147 326.3831 327.8016 329.5382 331.4632 333.5948 335.7852 338.2791 340.8126 342.7856 344.0174 344.8219 345.2769 345.1706 344.8262 344.1752 343.6886 343.4083 343.4342 343.6176 343.6562 343.4863 343.0316 342.1943 341.2144 339.7483 338.1880 336.6331
315.9548 315.9361 315.4367 314.7801 313.7766 312.9048 312.1232 311.2898 310.2644 309.2118 308.0425 307.5683 307.3977 307.2257 307.0114 307.2011 307.7952 308.6424 309.0279 308.8041 308.7155 309.7589 311.8942 314.2234 316.2492 317.7521 318.4406 319.2229 320.1666 321.1253 322.2497 323.6186 325.1308 325.8751 326.1433 326.9234 328.3026 329.8825 331.4266 333.0223 334.8795 337.0002 339.2502 341.4118 342.9748 344.0024 344.6105 344.8335 344.4931 343.5974 342.7838 342.0633 341.4624 341.1689 341.2502 341.2552 341.0498 340.4731 339.4642 338.1136 336.5331 334.7309 333.0875
316.3187 316.2548 315.6133 314.7104 313.8108 313.1133 312.5710 311.7184 310.7279 310.0864 309.8518 309.8891 310.2065 310.4106 310.6342 311.0913 311.4460 311.8460 311.7911 311.0616 310.9271 312.2279 314.1585 316.5043 318.7100 320.5150 321.4600 321.7301 321.5012 321.5611 322.1246 323.5829 325.3177 326.5168 327.1185 328.4193 330.1644 331.9543 333.4398 335.0087 336.6624 338.5108 340.2886 341.8114 342.9809 343.9296 344.3618 344.2537 343.4642 342.2386 341.1585 340.3389 339.8163 339.2776 339.1414 339.1938 338.7634 338.0119 336.5852 334.8082 333.0752 331.3399 329.6531
315.6615 315.5978 314.8396 313.8554 313.0388 312.8462 312.7000 312.3730 311.8952 311.6125 311.7063 312.2465 312.9146 313.3953 313.9783 314.7517 314.9767 314.9013 314.2211 313.6542 313.8728 314.9292 316.6602 318.8683 320.9999 322.5482 323.5447 323.8805 323.4009 322.8026 322.8793 324.0609 325.6182 326.8717 328.1377 330.0199 332.0728 333.9345 335.3462 336.8830 338.4856 340.0017 341.4164 342.4901 343.2848 343.7634 343.9240 343.6620 342.5587 341.1456 339.8346 338.9598 338.3177 337.7672 337.6775 337.6647 337.0169 335.7338 333.8893 331.8338 329.9248 328.1114 326.3730
314.3804 313.8073 313.1972 312.5710 312.2264 312.2665 312.7199 313.0229 313.3820 313.4352 313.4322 314.0830 315.2555 316.3169 317.4528 318.1522 318.3587 317.9952 317.2192 316.7789 317.0247 317.8136 319.3647 321.1166 322.7921 324.0186 324.8586 325.2500 325.1342 324.4822 324.5605 325.4416 326.3619 327.3584 329.1089 331.5528 333.7690 335.4844 337.0095 338.3139 339.6813 341.0093 342.1283 342.9899 343.4037 343.5837 343.5392 342.9268 341.8123 340.4034 339.0596 338.0638 337.1494 336.7310 336.7988 336.7769 335.8021 334.0351 331.9015 329.7051 327.5157 325.3457 323.3552
312.3553 311.4993 310.8847 310.8108 311.0146 311.6313 312.4478 313.3622 314.4001 314.9550 315.1719 315.9412 317.5367 319.3125 320.7230 321.7237 321.9218 321.4465 320.7092 320.5189 320.6691 321.2129 322.2359 323.3450 324.5450 325.1309 325.5753 325.9824 326.1985 326.1747 326.2214 326.7664 327.2827 328.3380 330.4091 332.9059 335.1381 336.8260 338.2596 339.5497 340.6180 341.4175 342.1738 342.8159 343.2671 343.3705 343.0410 342.3225 341.1689 339.8848 338.7315 337.5457 336.4667 336.1434 336.3016 336.1063 334.8224 332.8646 330.6100 328.2582 325.7406 323.2208 321.0736
309.8898 308.9436 308.4624 308.6387 309.4820 310.7054 311.9709 313.4368 314.8627 316.0822 316.9750 318.0111 319.9420 321.9630 323.5079 324.8426 325.4560 325.2999 324.7473 324.5456 324.6780 325.0661 325.3853 325.5565 326.0585 326.2237 326.3075 326.6466 326.9086 327.2731 327.3342 327.7153 328.1744 329.2668 331.3993 333.9648 336.0536 337.5439 338.9791 340.3001 341.1055 341.6189 342.0217 342.4627 342.8981 342.9953 342.5155 341.6226 340.4705 339.3739 338.3539 337.2487 336.1829 335.7188 335.7254 335.3984 334.0936 332.2103 329.8495 327.2986 324.5717 321.9057 319.4403
307.2803 306.6137 306.3394 306.6995 307.7868 309.4393 311.1951 313.1052 315.0055 316.8024 318.2132 319.8593 322.0128 324.1178 325.8592 327.4742 328.6649 329.1199 329.1452 328.9914 328.9344 328.8614 328.4856 328.2165 327.9296 327.7520 327.6636 327.6237 327.7278 327.8393 327.9646 328.2199 328.6930 329.8094 331.8359 334.2913 336.1805 337.6918 339.0420 340.2419 341.0260 341.4325 341.7750 342.1226 342.4557 342.5235 341.9964 340.9021 339.5369 338.5968 337.8690 336.9879 336.0311 335.3738 335.1488 334.6972 333.4387 331.4672 329.2318 326.4810 323.6444 320.7328 318.0913
304.4842 304.1588 304.1789 304.6009 305.6309 307.4865 309.8489 312.0340 314.4371 316.8023 318.9293 320.9557 323.3554 325.6574 327.7568 329.4842 331.2391 332.4031 333.0061 333.3319 333.3716 332.7087 331.7699 331.1034 330.5677 329.8927 329.2213 328.8174 328.5321 328.2386 328.2328 328.5084 328.9707 330.1516 332.2360 334.3852 336.0795 337.4290 338.6413 339.7819 340.4472 340.8528 341.1510 341.5915 341.9324 341.8860 341.4182 340.2195 338.8393 337.8812 337.3029 336.7530 335.8188 335.1234 334.7687 334.2044 332.6967 330.6901 328.3591 325.4769 322.5797 319.7222 317.0790
301.8224 301.6832 301.8368 302.3375 303.2311 305.1112 307.7519 310.5416 313.3932 316.1677 318.6744 321.2389 324.1920 326.6129 328.6984 330.6233 332.7416 334.7929 336.0717 337.1164 337.2217 336.2901 335.0835 334.0876 333.5067 332.3558 331.0193 330.0939 329.3309 328.6606 328.5522 328.8934 329.5196 330.7282 332.5368 334.2950 335.7344 336.9482 338.0682 338.9495 339.4507 339.7448 340.1113 340.5462 340.8712 340.9793 340.4750 339.3798 338.3043 337.5586 336.9992 336.5897 335.9352 335.2503 334.7719 333.8418 332.0526 329.7961 327.0920 324.2773 321.4514 318.7585 316.3061
299.6856 299.8713 299.9154 300.2805 301.1186 303.0130 305.7986 309.0057 312.0911 315.0373 317.8821 320.8421 324.1759 327.1030 329.3245 331.3864 333.8257 336.4799 338.6589 340.0715 340.3257 339.6240 338.3691 337.1346 336.1037 334.6857 333.1280 331.6941 330.4848 329.6270 329.5823 329.9113 330.4883 331.4669 332.7102 334.0171 335.2202 336.3458 337.2766 337.9360 338.1460 338.2571 338.6015 339.0442 339.4268 339.4803 339.0812 338.4739 337.9586 337.5641 337.3028 337.0462 336.5336 336.0271 335.3109 333.9107 331.7287 329.0928 326.2199 323.1001 320.1428 317.5491 315.2599
298.2589 298.4911 298.8897 299.3009 300.0901 302.1276 305.0051 308.3337 311.2897 314.2744 317.7382 321.1530 324.6667 327.9780 330.6344 332.9950 335.3907 338.0405 340.5460 342.1497 342.6689 342.3211 341.2216 339.8503 338.4558 336.9004 335.2517 333.7015 332.5140 331.7740 331.5422 331.5614 331.8379 332.3478 333.0195 333.8268 334.6583 335.5941 336.3503 336.7906 336.7329 336.7497 336.8801 337.2813 337.6759 337.6027 337.4289 337.4946 337.6223 337.7437 337.8844 337.9453 337.6660 337.0693 335.9591 334.2527 331.9158 329.0401 325.8427 322.4335 319.1993 316.3220 314.0803
296.8764 297.5397 298.3251 299.2043 300.2980 302.3003 304.9193 307.9073 311.0558 314.1573 317.8803 321.8838 325.6310 329.1894 332.1732 334.9103 337.4250 339.6393 341.6736 343.2537 344.0536 344.0258 343.4293 342.0855 340.5241 338.9420 337.3986 336.0893 334.9073 334.0997 333.5940 333.2344 333.0528 332.9852 333.2888 333.7812 334.3576 334.9675 335.3257 335.5433 335.4772 335.3213 335.1899 335.2951 335.4019 335.2939 335.6128 336.2989 337.1413 337.8427 338.4309 338.9476 338.9687 338.2052 336.6209 334.6142 332.1538 329.0755 325.6615 322.0290 318.5377 315.4453 313.0946
295.4233 296.5258 297.8981 299.4850 300.8436 302.7510 305.4816 308.3305 311.4142 314.9860 318.9289 323.0215 326.7309 330.2344 333.5270 336.3412 338.8119 340.8082 342.3705 343.7075 344.6085 344.9337 344.7356 343.7619 342.3530 340.8052 339.3128 337.9795 336.8095 335.6786 334.9793 334.4059 333.7952 333.3390 333.4861 333.8049 334.2771 334.4892 334.3931 334.2254 334.1124 333.9193 333.5201 333.0931 332.8059 332.9810 333.7666 335.0479 336.5013 337.9393 339.0635 339.8205 339.9779 339.2060 337.4940 335.1282 332.1945 328.7935 325.1342 321.4628 318.0033 314.9472 312.4781
294.2248 295.6743 297.4755 299.6172 301.5654 303.7238 306.7140 309.5380 312.7141 316.5374 320.6175 324.2173 327.5619 330.8560 334.0656 337.0168 339.4459 341.3131 342.9284 344.1154 344.8535 345.2412 345.1133 344.6261 343.5766 342.2927 340.9546 339.5097 338.1119 336.9856 336.2183 335.3668 334.5005 333.8871 333.6932 333.7615 333.9590 334.0162 333.5916 332.9977 332.5513 332.2677 331.7752 330.8740 330.3243 330.7293 331.9844 333.7185 335.7846 337.7090 339.1666 340.2625 340.7788 340.2282 338.5174 335.7405 332.3414 328.3803 324.3530 320.6640 317.3348 314.5900 312.1428
293.5611 295.0003 297.1098 299.7155 302.3294 304.9771 307.9481 311.0779 314.5152 318.1785 321.8411 325.2536 328.2650 331.1234 333.8979 336.9179 339.6560 341.6509 343.1865 344.1694 344.6577 344.9430 345.0010 344.8725 344.1267 342.8846 341.7533 340.4932 339.0836 337.9442 337.0923 336.2180 335.3087 334.5056 333.9717 333.6817 333.5226 333.2659 332.6335 331.8332 330.9866 330.3322 329.5589 328.6950 328.1446 328.7969 330.3966 332.5350 334.7867 336.9063 338.6516 340.1532 340.9971 340.7117 339.0801 336.3272 332.5163 328.2883 323.9713 319.9753 316.6629 314.0199 312.0215
293.8473 295.1599 297.3395 300.1375 303.2432 306.3777 309.5954 313.0782 316.5361 319.7558 322.9967 326.0571 328.6436 330.9931 333.3928 336.1059 339.0589 341.0907 342.5401 343.5129 343.9275 344.2910 344.5374 344.5126 343.8839 342.6791 341.5130 340.4020 339.2523 338.2346 337.4030 336.6733 335.9034 335.0997 334.2622 333.4707 332.9771 332.4404 331.6574 330.7206 329.5456 328.3970 327.2154 326.3499 326.3326 327.3275 329.1906 331.5080 333.8911 336.0196 337.7920 339.5188 340.6673 340.4648 339.0063 336.3625 332.6582 328.5199 324.1617 319.8738 316.4286 313.7179 312.0670
294.9656 296.5808 298.8572 301.6660 304.9768 308.4356 311.8610 315.3844 318.7444 321.5372 323.9797 326.5923 328.8520 330.7805 332.7632 335.0673 337.7686 339.7732 341.1540 342.3163 342.8229 343.3800 343.6582 343.3619 342.7455 341.6644 340.4944 339.3141 338.4361 337.6818 337.0840 336.5155 335.9538 335.3471 334.3052 333.1984 332.3756 331.6530 330.7444 329.6757 328.2286 326.5260 325.0465 324.4544 324.7975 326.1762 328.2212 330.6169 333.0318 335.1505 336.9637 338.6483 339.7227 339.6236 338.2383 335.6715 332.2036 328.3078 324.0483 319.7944 316.4579 314.0470 312.5920
296.7831 299.0767 301.4846 304.4794 307.7301 310.9882 314.4911 317.6869 320.6376 323.1015 325.0139 326.9953 328.7599 330.4049 332.0358 333.8383 335.8422 337.6542 339.0305 340.0555 340.8413 341.4336 341.7681 341.5829 341.0443 340.2914 339.1271 337.9450 337.3322 336.8200 336.4451 336.1310 335.7723 335.1128 334.0490 332.8332 331.8761 330.9818 329.8503 328.4387 326.8582 324.9708 323.4752 322.9216 323.5671 325.0474 327.0422 329.3847 331.8053 334.0577 335.9740 337.3850 338.3138 338.2470 336.8881 334.4138 331.1982 327.3845 323.3919 319.6931 316.8583 314.7814 313.6691
299.4607 302.5934 305.3783 308.2366 311.2736 314.2206 317.2748 320.0959 322.4411 324.2903 325.7785 327.2226 328.4502 329.7365 331.0513 332.4684 333.6510 334.9819 336.0528 336.9214 337.8399 338.6246 339.1662 339.3193 339.0974 338.6196 337.6964 336.6044 335.9723 335.9706 335.7132 335.5368 335.3464 334.6800 333.6064 332.4239 331.2418 330.0705 328.7124 327.1967 325.4111 323.6399 322.0300 321.5166 322.2222 323.7123 325.7061 327.8940 330.1554 332.6158 334.7282 336.1924 336.9468 336.7873 335.2262 332.8329 329.7208 325.9613 322.3241 319.6110 317.3367 315.7329 314.9012
302.8089 306.3870 309.5119 312.0334 314.7042 317.5194 320.0572 322.3858 324.2034 325.3881 326.5187 327.4928 328.1736 329.0772 330.0807 330.8657 331.4047 332.0474 332.8858 333.4839 334.6217 335.7965 336.5423 336.9120 337.0464 336.9034 336.2482 335.2141 334.5934 334.7895 335.0009 334.9532 334.9601 334.3676 333.3009 332.0544 330.7027 329.2389 327.7148 325.9485 324.0426 322.1500 320.7193 320.1195 320.6380 321.9369 323.8438 326.0106 328.3701 330.8285 333.0793 334.8345 335.8293 335.3750 333.7880 331.2097 327.9483 324.5412 321.7287 319.6261 317.9732 316.8159 316.4091
306.3872 309.7931 312.8972 315.1940 317.6369 320.2942 322.5280 324.4245 325.7399 326.4902 327.1005 327.7899 327.9140 328.3485 328.6859 328.8572 328.9975 329.2260 329.7255 330.3759 331.6601 333.2226 334.1107 334.6530 334.9471 335.0956 334.7942 334.0603 333.5868 333.6606 334.2143 334.5106 334.7029 334.3564 333.1401 331.7456 330.2463 328.5721 326.7911 324.9381 322.9240 320.9958 319.5905 319.0477 319.1544 320.1580 321.7319 323.8958 326.4451 329.0686 331.2734 333.0884 334.1927 333.9314 332.2516 329.6338 326.3228 323.4356 321.1999 319.6084 318.3648 317.5241 317.1856
309.5757 312.4934 315.4082 317.9410 320.1578 322.5748 324.6109 325.8881 326.8713 327.3279 327.8268 327.8052 327.3121 327.1350 327.2295 326.8681 326.5934 326.7643 327.1833 327.9069 329.1334 330.6313 331.9299 332.6200 333.0976 333.4983 333.5105 333.1866 332.9530 333.2199 333.6797 334.1315 334.4891 334.2005 333.0193 331.4084 329.8215 328.1391 326.3120 324.2918 322.1944 320.1944 318.9078 318.3046 318.1165 318.7465 320.0832 322.0394 324.6668 327.3629 329.5668 331.1542 332.0591 331.9128 330.7464 328.1433 325.0304 322.6114 320.8933 319.2752 318.1841 317.6484 317.3919
311.0768 314.0408 317.0042 319.9172 322.1889 324.3178 326.0419 327.1287 327.6662 328.0891 328.1121 327.6850 326.7663 325.9179 325.3903 324.9046 324.1305 324.3333 324.9324 325.6267 326.9082 328.2844 329.7162 330.8954 331.7621 332.5445 332.8126 332.7640 332.8531 333.2556 333.6159 333.9445 334.3173 333.9808 332.9347 331.4327 329.8002 328.1122 326.2139 324.1501 321.8501 319.7085 318.3591 317.8293 317.6090 317.7798 318.8159 320.8658 323.3039 325.7330 327.7137 328.9473 329.3040 328.9742 328.1055 326.2759 323.7314 321.5166 319.9169 318.7376 317.9697 317.3781 317.4656
