inst/extdata/dem_filtered_rot.asc
NCOLS 340
NROWS 316
XLLCORNER 528502.529920
YLLCORNER 274871.653426
CELLSIZE 100.000000
NODATA_VALUE -9999.000000
[rows 28 to 55 of 316, columns 252 to 314 of 340]
332.8211 331.1403 330.1924 329.6113 329.2603 329.1353 329.2680 329.5195 330.0105 330.6118 331.1357 331.5345 331.6335 331.2710 330.1063 328.1113 325.7583 323.2795 320.9462 318.5958 316.2633 314.0543 312.0151 310.2881 308.6992 307.3217 306.2358 305.6814 305.4545 305.4513 305.6561 305.6213 305.6491 305.9828 306.6077 307.3761 307.9206 307.9730 307.6543 307.0321 305.7827 304.0065 301.9264 299.6972 297.7020 296.3572 295.9645 295.8335 296.1406 297.2342 299.2039 301.8962 304.9335 307.9806 310.7868 313.1082 314.6254 315.4187 315.2213 313.7740 311.6685 309.0617 306.4703
329.8672 328.3305 327.7440 327.4946 327.3505 327.2627 327.4615 327.7491 328.2324 329.3158 330.1365 330.5703 330.5580 329.9359 328.5591 326.3318 323.7550 321.1319 318.6288 316.1201 313.6109 311.4580 309.5576 307.8214 306.1831 304.6602 303.6542 303.3916 303.3725 303.4558 303.6221 303.5364 303.5760 303.9731 304.6250 305.1338 305.4060 305.4854 305.1873 304.4979 303.2570 301.4777 299.4513 297.4420 295.8364 295.2193 295.2054 295.3640 296.2246 297.7577 299.9595 302.7966 305.7373 308.6352 311.2769 313.3015 314.6756 315.3939 314.9428 313.2294 311.0416 308.7215 306.5396
326.9221 325.6052 325.2352 325.3127 325.3399 325.3690 325.6304 325.8633 326.6956 328.1067 329.1499 329.6526 329.5146 328.6299 326.9304 324.6418 322.0334 319.4468 316.8096 314.0342 311.4911 309.2386 307.3452 305.6233 303.8660 302.3734 301.6132 301.5197 301.6092 301.6472 301.6264 301.5064 301.5464 301.8482 302.4480 302.8235 302.9318 302.9500 302.5454 301.7499 300.4900 298.8105 297.0249 295.2655 294.1556 294.1148 294.5131 295.0430 296.2741 298.1884 300.5709 303.3712 306.1492 308.7234 311.0468 313.0023 314.3387 314.5432 313.5036 311.8665 309.9865 308.1956 306.4334
324.0131 322.8121 322.6407 322.9850 323.2397 323.4160 323.6658 324.2111 325.3049 326.7657 327.9480 328.5838 328.3099 327.2492 325.4323 323.0456 320.3766 317.8646 315.0567 312.2072 309.6160 307.2602 305.2993 303.5354 301.9265 300.7775 300.1533 299.9181 299.9978 299.9723 299.8434 299.6600 299.6544 299.9287 300.3160 300.4920 300.6005 300.4317 299.8401 298.8825 297.6441 296.2345 294.7609 293.4118 292.8042 293.3210 293.9491 294.7702 296.1107 298.0773 300.6773 303.4048 305.9425 308.2398 310.3527 312.2076 313.1392 312.9126 311.6605 310.1065 308.6368 307.4000 306.2349
320.9980 319.9008 319.9252 320.3829 320.9326 321.3496 321.8834 322.7395 324.0339 325.4406 326.6472 327.1837 326.9309 325.8433 323.9821 321.3635 318.6273 315.8690 313.1224 310.4186 307.9421 305.6456 303.6264 301.7868 300.5222 299.7999 299.2452 298.8685 298.6513 298.5179 298.3664 298.1556 298.0620 298.2471 298.4365 298.4921 298.4226 297.9426 297.2661 296.2899 295.2224 293.9881 292.8011 292.0182 292.1697 292.8319 293.5475 294.4581 295.7572 297.7375 300.3015 302.8952 305.2829 307.3655 309.0439 310.5903 311.4324 311.0936 309.8969 308.4580 307.2775 306.3038 305.4739
318.0348 317.0988 317.1003 317.5242 318.3131 319.1672 320.1444 321.2334 322.4613 323.8612 325.0182 325.4812 325.3109 324.2728 322.2855 319.4354 316.5927 313.8643 311.3348 308.8609 306.5357 304.4221 302.3124 300.5349 299.6407 299.2411 298.8246 298.3397 298.0141 297.7443 297.5428 297.2747 296.9763 296.8610 296.8174 296.7089 296.3766 295.7249 294.8628 294.0283 293.1563 292.2255 291.5095 291.3591 291.6556 292.2887 293.0480 293.9371 295.3648 297.3356 299.6501 302.0028 304.2379 306.0690 307.7169 309.0258 309.5528 309.1940 308.1221 306.8523 305.7547 304.9261 304.4149
315.1999 314.2144 314.1411 314.6250 315.5252 316.5340 317.9309 319.2214 320.4269 321.7832 322.8912 323.5691 323.5297 322.4458 320.3289 317.3862 314.4054 311.9444 309.7797 307.5973 305.4911 303.3962 301.3723 299.9098 299.2321 298.8510 298.5825 298.1395 297.7769 297.6034 297.4141 297.0128 296.5849 296.2654 295.9435 295.3985 294.8680 294.0932 293.0465 292.1066 291.4079 290.8247 290.6276 290.7385 291.0501 291.7278 292.5056 293.3881 294.8497 296.7646 298.8138 300.8999 302.9202 304.6966 306.2044 307.1895 307.4407 307.0594 305.9826 304.8644 303.9367 303.2487 302.8195
312.4390 311.5713 311.5647 312.1425 313.0461 314.3686 315.7821 317.0219 318.3281 319.7340 320.8344 321.6092 321.6882 320.5162 318.3666 315.4952 312.6486 310.4132 308.4251 306.5486 304.6625 302.7397 300.9593 299.8111 299.2693 298.9732 298.7744 298.4134 298.0870 297.9187 297.7616 297.5726 297.0584 296.4371 295.8477 295.2984 294.5462 293.4575 292.1586 291.1336 290.5182 290.1208 290.0414 290.2169 290.7156 291.5185 292.2503 292.9464 294.3828 296.1191 297.9799 299.8721 301.5580 303.1111 304.3512 305.0981 305.3042 304.8279 303.8483 302.7353 301.8614 301.3211 301.1661
309.7470 309.2660 309.5073 310.1851 311.3003 312.6729 314.0262 315.3364 316.7376 318.1109 319.1981 319.8916 319.8091 318.6795 316.7012 314.0519 311.3877 309.2829 307.4498 305.7995 304.1793 302.4339 300.9204 299.8773 299.4501 299.3578 299.3384 298.9758 298.8438 298.7942 298.7453 298.5218 298.1344 297.5641 296.8810 296.1138 295.1871 293.7877 292.4017 291.2142 290.4235 289.9856 289.9501 289.9929 290.4899 291.3091 292.0668 292.9825 294.0800 295.5772 297.3275 299.1046 300.4644 301.6687 302.6138 303.2388 303.3268 302.6143 301.4877 300.4500 299.7964 299.5529 299.6790
307.6244 307.5403 308.0355 308.8278 310.1415 311.5040 312.7985 314.2544 315.5027 316.5705 317.4208 317.8814 317.7314 316.6341 314.9489 312.7435 310.4332 308.3802 306.8562 305.4583 303.8232 302.1265 300.7036 299.8407 299.7694 300.0305 300.0042 299.8819 299.9091 299.9128 299.9084 299.8856 299.6963 299.2661 298.5475 297.5919 296.3964 294.8945 293.3168 292.0003 290.9144 290.2993 290.1283 290.0464 290.3916 291.2267 292.1611 293.1409 294.1587 295.3534 296.8720 298.4256 299.6547 300.5554 301.2705 301.5448 301.2139 300.2913 299.1293 298.1986 297.7928 297.7993 298.1199
306.3384 306.4866 307.2956 308.4110 309.7525 310.9201 312.1783 313.4289 314.4489 315.0742 315.6701 315.8417 315.4312 314.3316 312.9131 311.2584 309.4073 307.7350 306.3393 304.7693 303.0320 301.5000 300.3813 299.9587 300.1707 300.5720 300.8058 300.9379 301.1017 301.2846 301.4477 301.5444 301.4518 301.2033 300.6415 299.6302 298.1798 296.4535 294.8044 293.4037 292.2122 291.2484 290.7350 290.6531 290.8737 291.5536 292.3964 293.2652 294.3875 295.5634 296.7789 297.9982 299.1469 299.9605 300.3365 300.0174 299.2695 298.2487 297.0595 296.1800 295.8407 296.0725 296.6337
305.8825 306.1855 307.2640 308.7870 310.0511 311.0335 311.9351 312.7257 313.3991 313.7242 313.9441 313.8542 313.1429 311.8116 310.5818 309.3582 308.0154 306.6352 305.1310 303.4248 301.8497 300.6567 300.1048 300.1378 300.4724 300.9083 301.4354 301.9468 302.3777 302.7773 303.1017 303.2172 303.2609 303.1802 302.7583 301.7129 300.0851 298.3717 296.7437 295.2722 293.9162 292.5967 291.8655 291.6269 291.6912 292.0832 292.6607 293.4750 294.4727 295.6127 296.7268 297.8167 298.7114 299.3042 299.3410 298.6824 297.6728 296.5215 295.3179 294.5212 294.3019 294.7679 295.5466
306.2766 306.7321 307.9653 309.4979 310.7826 311.7137 312.1758 312.4164 312.5833 312.7214 312.4923 311.9649 310.9837 309.5266 308.2718 307.1671 306.0250 304.8167 303.3309 301.8241 300.6109 299.8325 299.6748 300.0883 300.6664 301.1938 301.9679 302.8728 303.6536 304.2665 304.6085 304.7530 304.8228 304.6818 304.2136 303.1395 301.6166 300.1354 298.6750 297.0299 295.4293 294.1092 293.1854 292.5954 292.4644 292.5312 292.9109 293.5578 294.3899 295.3592 296.4044 297.2785 298.0125 298.3840 298.2203 297.4195 296.3867 295.1031 293.9539 293.2239 293.2595 293.9048 294.7469
307.7883 308.3843 309.3607 310.6707 311.8587 312.5401 312.8074 312.7395 312.3385 311.8289 311.1642 310.2917 309.0640 307.6545 306.3201 305.2150 304.0547 302.8980 301.7027 300.5130 299.7242 299.2361 299.3116 299.8987 300.6127 301.5163 302.5988 303.8432 304.9055 305.7154 306.2501 306.4252 306.4323 306.1290 305.4272 304.3309 302.9891 301.4659 299.7520 298.0880 296.4667 295.1160 294.1271 293.3705 293.0311 292.9221 293.1156 293.5914 294.1981 294.8301 295.5850 296.3389 296.8759 297.1822 296.8651 295.9829 294.9388 293.8272 292.8473 292.2729 292.3736 293.0696 293.9564
310.0315 310.6436 311.5530 312.5417 313.3980 313.8231 313.8164 313.4555 312.6574 311.5674 310.3857 308.9119 307.5089 306.0714 304.8568 303.8127 302.7905 301.7330 300.7114 299.9041 299.3858 299.1624 299.2832 299.9163 300.8515 301.9989 303.3930 304.7771 306.0124 307.0135 307.5840 307.8569 307.7554 307.2496 306.4243 305.2907 303.8250 302.1530 300.2983 298.4227 296.7287 295.4769 294.5941 293.8176 293.2235 293.0555 293.1807 293.4195 293.7348 294.0714 294.5698 295.0947 295.4426 295.5117 295.2376 294.5449 293.6395 292.7893 292.0446 291.6042 291.7254 292.3183 293.1845
313.0531 313.7240 314.4150 314.9521 315.3579 315.4687 315.3699 314.6034 313.3754 311.7742 310.0350 308.2816 306.5492 305.1145 303.9633 302.9055 302.0859 301.2697 300.5588 299.9174 299.6052 299.5533 299.8032 300.5144 301.6382 302.8416 304.1384 305.5176 306.8105 307.8319 308.4749 308.7559 308.4915 307.7587 306.8923 305.6536 304.0837 302.3531 300.4315 298.4868 296.7374 295.4615 294.5623 293.6851 293.0713 292.7454 292.6843 292.7743 292.9221 293.1202 293.2075 293.5511 293.8141 293.8609 293.6443 293.0631 292.4506 291.7444 291.2086 290.8791 290.9275 291.3893 292.2120
316.8357 317.5673 317.8519 317.8551 317.7907 317.6731 317.1709 315.9710 314.2965 312.2397 310.0996 308.1889 306.5396 305.0451 303.7235 302.6473 301.9895 301.4800 300.9136 300.4575 300.3756 300.4707 300.9246 301.7199 302.6751 303.7658 304.9460 306.2038 307.2405 308.2162 308.8474 309.0172 308.7848 307.9561 306.9208 305.5550 304.0211 302.2513 300.3938 298.4372 296.6412 295.2214 294.1214 293.2208 292.5014 292.0127 291.7607 291.7665 291.8662 291.9209 291.8226 291.9750 292.2766 292.3948 292.1213 291.5983 291.1168 290.6350 290.1911 289.8550 289.7834 290.1410 290.9452
320.9849 321.7462 321.9005 321.5038 320.9458 320.3299 319.2648 317.5638 315.3966 313.0181 310.7459 308.8309 307.1761 305.6113 304.1708 303.2050 302.7356 302.3412 301.8830 301.6511 301.7954 302.1345 302.5968 303.2032 303.8591 304.6163 305.5689 306.5826 307.4601 308.3244 308.8502 308.9579 308.6753 308.0525 306.9265 305.4109 303.6817 302.0125 300.1707 298.1313 296.1728 294.7464 293.5381 292.5041 291.6883 291.0330 290.6016 290.4760 290.4983 290.4283 290.3501 290.4578 290.6637 290.7227 290.5519 290.2254 289.8741 289.4688 289.1064 288.7078 288.4345 288.6683 289.4828
325.6523 326.3382 326.4123 325.8572 324.8794 323.5895 321.9181 319.7680 317.0897 314.3535 312.0203 310.0607 308.3784 306.8916 305.6442 304.9191 304.3181 303.8662 303.6065 303.5862 303.7567 303.9426 304.1732 304.5519 304.8364 305.2192 305.9056 306.6887 307.3524 308.0774 308.5723 308.7070 308.5995 307.9003 306.6756 304.9562 303.2637 301.4205 299.4204 297.5330 295.6664 293.9977 292.5856 291.5574 290.6189 289.8455 289.3029 289.0360 288.9077 288.7105 288.7193 288.9056 289.0850 289.1441 289.0115 288.8188 288.5846 288.2966 287.8803 287.3708 286.9742 287.2112 288.0592
330.6555 331.1878 331.1789 330.4718 329.1766 327.5064 325.3613 322.5405 319.4100 316.3593 313.8415 311.8013 310.2217 308.8816 307.8739 307.1101 306.4499 306.0864 305.9158 305.7166 305.6613 305.6136 305.5717 305.6961 305.6775 305.8183 306.2779 306.8687 307.2487 307.7556 308.1207 308.3640 308.1984 307.4635 306.1512 304.5377 302.7203 300.7868 298.5707 296.6350 294.7743 293.0803 291.5811 290.3239 289.2761 288.4629 287.8885 287.5142 287.2999 287.1752 287.1644 287.4347 287.6767 287.7241 287.6045 287.4401 287.3210 286.9774 286.5258 285.9987 285.6678 285.7979 286.4800
335.6884 336.0360 335.8690 334.9838 333.5589 331.5889 329.0571 325.7578 322.2882 319.0752 316.3807 314.4280 312.7717 311.4312 310.5493 309.8190 309.1725 308.6378 308.2686 307.7726 307.3458 307.1166 307.0020 306.8087 306.5930 306.5989 306.8222 307.0614 307.2473 307.4646 307.6566 307.6509 307.4680 306.9384 305.7402 304.1062 302.1785 300.1691 297.9908 295.6323 293.5574 291.8872 290.4055 288.9072 287.7671 286.9731 286.4742 286.1159 285.9032 285.8576 286.0479 286.2887 286.4080 286.4418 286.3938 286.3076 286.1133 285.7569 285.3383 284.9100 284.6150 284.6258 285.1850
340.4450 340.5991 340.1128 339.1052 337.6203 335.4975 332.5823 329.0715 325.3884 322.0316 319.3003 317.2002 315.4889 314.2165 313.4037 312.6765 311.9127 311.0417 310.1297 309.2784 308.6038 308.2584 308.0515 307.8265 307.4993 307.3777 307.5763 307.5425 307.3725 307.2211 307.1234 306.8897 306.5473 305.9608 304.9189 303.4454 301.5222 299.3791 297.2163 294.8738 292.6701 290.7160 288.9488 287.4983 286.4679 285.7239 285.1184 284.7672 284.7012 284.9117 285.0788 285.2222 285.2672 285.3135 285.2409 285.1273 284.9378 284.6267 284.2526 283.8891 283.6425 283.7043 284.1175
344.3472 344.2367 343.5660 342.3106 340.7159 338.4091 335.3618 331.9029 328.2582 324.9127 322.1763 319.9985 318.4137 317.1377 316.0974 315.2292 314.1703 312.9288 311.6974 310.5139 309.6020 309.0395 308.8856 308.8479 308.6252 308.5325 308.5650 308.3540 307.9772 307.6754 307.2654 306.6274 305.8198 304.9570 303.8352 302.3291 300.4491 298.4178 296.2801 293.9791 291.7154 289.6222 287.8165 286.3790 285.3484 284.5750 283.9695 283.6354 283.7452 283.9919 284.2180 284.2799 284.3179 284.2440 284.1569 284.0077 283.8270 283.5768 283.2674 282.9944 282.7780 282.7667 283.1157
347.2818 346.8768 345.9477 344.5080 342.5424 340.0415 337.0819 334.0222 330.6218 327.4442 324.6874 322.7632 321.1463 319.8128 318.6596 317.3655 315.7543 314.3857 313.0946 311.8164 310.7371 310.1091 309.9186 310.0060 309.8417 309.7181 309.6111 309.3788 309.0827 308.7535 308.0570 306.9077 305.6268 304.3358 302.8279 301.0740 299.2054 297.2517 294.9676 292.6288 290.4470 288.5165 286.8298 285.4758 284.3678 283.6952 283.2771 283.1107 283.1555 283.3510 283.5345 283.6058 283.5053 283.4052 283.2719 283.0950 282.8858 282.7151 282.5348 282.3372 282.1129 282.0978 282.3431
349.3458 348.4445 347.3011 345.3862 343.0685 340.5450 337.9445 335.0435 332.2172 329.3938 326.8862 324.8272 323.2117 321.8506 320.4509 318.7262 316.9056 315.4913 314.3225 313.0965 312.0772 311.4497 311.1935 311.0501 310.8130 310.6654 310.5348 310.2797 310.0530 309.7182 308.9214 307.4620 305.8308 304.1091 302.1760 300.2150 298.1846 295.9698 293.5932 291.2603 289.2392 287.4417 285.9929 284.7490 283.9014 283.4656 283.2603 283.1635 283.0752 282.9923 282.9921 282.9884 282.8906 282.6999 282.5256 282.3560 282.2722 282.1472 282.0247 281.8495 281.7285 281.7124 281.8188
350.3005 349.0099 347.2519 345.1014 342.7513 340.2797 337.7582 335.2438 332.7197 330.2211 327.8368 325.7513 323.9275 322.5046 321.0419 319.3737 317.7090 316.4953 315.3419 314.2264 313.2456 312.6068 312.1042 311.7800 311.7173 311.5752 311.3535 311.0963 310.8656 310.5559 309.7290 308.2909 306.4709 304.4660 302.2405 299.9947 297.7578 295.2483 292.8318 290.5269 288.5696 286.9984 285.7130 284.7320 284.2204 284.0148 283.8405 283.5734 283.2433 282.9125 282.7322 282.5751 282.4154 282.2414 282.1339 282.0603 281.9203 281.9019 281.9523 282.0513 281.9070 281.8791 281.7400
350.2385 348.4201 346.3472 344.0668 341.7362 339.3613 337.0712 334.7581 332.3605 329.9849 327.8201 325.5801 323.7543 322.3675 321.0637 319.6722 318.3913 317.3587 316.1549 315.0296 314.1462 313.3952 312.8864 312.5703 312.5257 312.4293 312.2769 312.0811 311.9149 311.4884 310.5343 309.0861 307.3254 305.2597 302.9224 300.6100 298.1745 295.6597 293.2513 291.0125 289.1392 287.6272 286.5044 285.6794 285.1728 284.8652 284.5144 284.0997 283.6410 283.2432 282.9610 282.7451 282.5872 282.4881 282.4168 282.3622 282.3667 282.5432 282.8662 282.9308 282.7958 282.6438 282.3874
349.0953 347.0974 344.8884 342.3899 339.9707 337.8450 335.7784 333.6307 331.3772 329.1770 327.0486 324.9413 323.1190 321.7675 320.6744 319.5994 318.5999 317.7991 316.6344 315.4455 314.6842 314.2386 313.8399 313.4842 313.1458 312.9669 313.0037 313.0267 312.9346 312.4209 311.3696 310.1242 308.5893 306.6234 304.3806 302.0938 299.5887 297.0388 294.6099 292.4601 290.5317 288.9104 287.7534 286.9701 286.2940 285.7147 285.2170 284.7197 284.2950 283.8642 283.4992 283.2697 283.1501 283.0976 283.1559 283.3341 283.5744 283.9754 284.2592 284.2906 284.1636 283.8570 283.4291
