inst/extdata/dem_filtered_rot.asc
NCOLS 340
NROWS 316
XLLCORNER 528502.529920
YLLCORNER 274871.653426
CELLSIZE 100.000000
NODATA_VALUE -9999.000000
[rows 168 to 195 of 316, columns 126 to 188 of 340]
287.1325 285.8483 285.3295 285.4546 285.9980 286.8760 287.9567 289.7886 292.5185 295.5189 298.6477 302.0624 305.1508 308.3136 310.8907 312.4483 312.2845 311.8593 311.5246 311.2890 310.9648 310.9161 311.0674 311.6280 312.2156 313.1658 313.3618 312.7742 311.8262 310.8584 309.6771 308.8010 308.0082 306.8032 304.8277 303.6427 303.4562 303.2120 302.8258 302.5431 301.9565 301.1790 299.9962 298.7765 298.1303 297.9293 299.2156 302.0221 304.6140 306.4040 308.0321 310.0137 311.8043 313.8527 315.7984 317.6789 319.2707 320.2558 320.7149 320.4569 319.9106 319.6740 319.3036
288.0172 286.4722 285.4523 285.2621 286.0608 286.7807 287.7639 289.4403 291.8069 294.9573 298.0963 301.3349 304.1563 306.9570 309.6699 311.5258 311.8295 311.3889 311.5178 311.4567 311.5020 311.6348 312.3040 313.2775 314.3781 315.2953 315.6732 315.5367 315.1942 314.6558 313.7304 312.7810 312.1278 310.7207 308.8413 307.4366 306.4315 305.5341 305.0533 304.6043 303.6146 302.3622 301.1668 300.1997 299.2511 298.8315 299.9485 302.3995 304.7221 306.6677 308.5929 310.8591 313.5452 315.9825 318.4483 320.1171 321.5305 322.6418 322.8897 322.3617 321.9333 321.3430 320.8108
288.5167 286.6092 285.2244 285.1243 285.6154 286.4434 287.3761 288.7432 291.0072 293.8019 297.0526 300.4944 303.6156 306.3719 308.6227 310.6107 311.2361 311.4282 311.8100 312.1823 312.8802 313.4691 314.2121 315.5667 316.7086 317.5003 317.9856 318.3393 318.3589 318.1661 317.4966 316.5837 315.9023 314.7095 312.5357 310.7371 309.3721 308.1667 307.1681 306.2179 304.9878 303.4854 302.0671 300.9542 299.9069 299.7339 300.8632 302.9072 304.8256 306.7743 309.2995 312.3105 315.3765 318.1129 320.6668 322.6419 323.8423 324.5722 324.6320 324.2948 323.7336 322.8206 322.2865
288.9248 286.5511 285.2152 285.1449 285.5643 286.2979 287.3618 288.3801 290.2193 292.8683 296.1953 299.5571 302.8288 305.8962 308.5013 310.4054 311.5650 312.3503 313.2220 313.9120 314.8438 315.6304 316.6805 317.8979 318.8177 319.5444 320.3184 320.8314 321.0653 321.0379 320.7212 320.0238 319.2652 318.0956 315.9427 314.2143 312.4983 310.6653 309.2995 307.7881 306.2873 304.9406 303.4072 302.1251 301.0386 301.0240 302.1836 304.0395 305.4571 307.3531 310.5497 313.9598 317.2860 320.3795 322.8672 324.8258 326.1523 326.6399 326.1490 325.7021 325.1156 324.3813 323.4758
288.8249 286.3083 284.9917 285.0991 285.5913 286.4409 287.6612 288.9169 290.4058 293.0658 295.9722 298.9856 302.1490 305.4285 308.5570 310.7899 312.2612 313.7085 314.6948 315.7347 316.6220 317.7003 318.6284 319.6767 320.6904 321.7071 322.4843 323.0320 323.2813 323.2743 323.1515 322.9091 322.0622 321.0147 318.6934 316.9055 315.1256 313.0595 310.9355 309.0862 307.7758 306.6116 305.3282 303.9173 302.8032 302.6876 303.8081 305.9283 307.3821 309.2942 312.5771 315.9831 319.3281 322.3587 324.8768 326.9064 328.0321 328.0851 327.4572 326.9902 326.2334 325.3711 324.1952
288.4943 286.2823 284.8135 284.9283 285.5768 286.3329 287.7267 289.3914 291.4670 294.1246 296.6576 298.9393 301.6778 304.9945 308.2672 311.0529 312.8963 314.4210 315.8189 316.6986 317.7935 318.7075 319.5974 320.8272 322.0816 323.2474 324.0633 324.5598 324.8630 324.8766 325.1252 325.0477 324.3272 322.8397 320.9763 319.1486 317.3441 315.0955 312.7267 310.8283 309.8365 308.9349 307.6407 306.1338 305.2496 305.5388 306.6056 308.7350 310.4111 312.4466 315.3414 318.3109 321.3024 324.3389 327.1975 328.9981 329.4928 329.3531 328.8073 328.2260 327.3169 326.0211 324.4618
289.4274 287.3967 285.8565 285.6937 285.9542 286.3188 287.3593 289.3434 291.9568 294.7615 296.8406 298.5289 300.8839 304.0244 307.7036 310.6912 312.4315 314.0368 315.8583 316.7585 317.7791 319.0077 320.0185 321.3848 322.8016 323.9202 324.8164 325.4344 326.0172 326.6165 326.9120 326.5292 325.5500 324.4520 322.8651 321.0923 319.0693 316.9044 315.2135 313.7827 312.8303 311.8326 310.3421 309.3470 308.8963 309.2224 310.3548 312.2027 314.3481 316.1199 318.1827 320.7755 323.7052 326.6099 329.1605 330.6524 330.7248 330.4168 329.8268 328.8726 327.7914 326.3626 324.6232
290.5954 289.2402 287.8013 286.6967 286.1216 286.3008 287.4321 289.5674 292.2705 294.5098 296.0499 297.7445 300.0562 303.0501 306.7671 309.7403 311.4499 313.0099 314.7076 316.1874 317.5107 318.6827 319.7555 321.0834 322.5425 323.7183 324.8876 325.9764 327.0189 327.9133 328.3292 327.7188 326.7852 325.9793 324.4678 322.5727 320.5034 319.1835 318.1236 317.2353 316.4182 315.3089 313.9324 313.0363 313.2701 314.1055 315.0514 316.6150 318.4286 320.0365 321.5409 323.7341 326.3648 328.8080 330.7339 331.8799 331.8439 331.2426 330.3752 329.1884 327.9850 326.4110 324.7479
290.9579 290.0019 288.5222 286.9122 286.1583 286.3446 287.8103 289.8871 291.9820 293.3244 294.5966 296.4468 299.1643 302.1761 305.3052 308.0630 310.1525 311.7835 313.1729 315.0237 316.5785 317.8760 318.9290 320.2259 321.7546 323.1172 324.7093 326.5801 328.1449 329.0916 329.3711 329.0566 328.2715 327.2685 325.7436 323.8820 322.4970 321.8177 321.3615 320.8300 319.7447 318.8707 318.0437 317.6476 317.9979 319.4501 320.6031 321.6920 322.8431 324.3193 325.7897 327.2420 328.8966 330.7167 332.5898 333.6599 333.4154 332.3015 330.6334 329.2444 327.8132 326.2464 324.1226
291.1115 289.9120 288.5744 287.5649 287.4498 287.8919 289.3328 290.8427 291.9124 293.0582 294.5425 296.2760 298.7369 301.4397 304.0334 306.5977 308.9725 310.6093 311.8084 313.3766 315.0996 316.7454 318.1406 319.3610 320.9128 322.7858 324.9693 327.3646 329.2365 330.4074 330.9018 330.6142 329.3833 328.0891 327.0228 325.9995 325.4810 325.1682 324.7996 324.2588 323.1504 322.5886 322.4028 322.6828 323.4532 324.8281 326.0054 326.8732 327.8971 329.0285 330.1078 330.7573 331.5455 332.9764 334.5011 335.4036 334.8573 333.2437 330.8826 328.7751 327.0779 325.0720 322.6643
291.8250 290.3011 289.1918 289.1547 289.4493 290.0792 291.1666 291.8640 292.2819 293.3579 294.6045 296.3159 298.6062 300.5944 302.7413 305.2981 307.6973 309.4240 310.7187 312.0954 313.9168 315.9028 317.2608 318.7030 320.5442 322.5090 325.1364 327.7477 329.9354 331.2108 331.7820 331.5647 330.5134 329.4807 328.8757 328.5548 328.7739 328.4357 327.9973 327.3199 326.3884 326.4123 326.7522 327.4185 328.5742 330.1566 331.4402 331.9851 332.6075 333.3948 333.9589 334.2388 334.3976 335.3083 336.4115 336.7435 335.7244 333.7138 331.1189 328.3834 325.8692 323.1793 320.4874
293.3670 291.7756 290.8793 290.9182 291.4901 292.1288 292.9579 293.1361 293.1389 294.0495 295.4616 297.3585 299.3797 300.8226 302.4437 304.3585 306.3184 308.3562 310.1856 311.8237 313.3323 314.9944 316.6060 318.3979 320.6352 322.8348 325.5584 328.2967 330.4606 331.6432 332.1456 332.0483 331.9197 331.8054 331.6414 331.5434 331.4474 331.3585 330.8995 330.2629 329.8693 330.1767 330.6886 331.6815 333.4262 334.9866 336.0220 336.7054 337.2738 337.6440 337.8272 337.8079 337.6331 337.6487 338.0556 337.9079 336.5599 334.3466 331.3491 328.3709 325.3920 322.2480 319.6262
295.7705 294.4643 293.5589 293.2042 293.5248 294.2295 294.8559 294.8690 294.8268 295.7031 296.9936 298.9268 300.7297 301.7289 302.4402 303.4626 305.1653 307.5228 309.7514 311.3889 312.8232 314.3685 316.2950 318.3665 320.6771 323.1915 325.9393 328.8193 330.9275 331.9422 332.3217 332.5876 333.1122 334.0723 334.7148 334.5964 334.0646 333.8962 334.0228 333.8591 333.4047 333.6458 334.5562 335.8885 337.6258 339.0507 340.0424 340.8496 341.3965 341.7393 341.4309 340.9855 340.3486 339.9437 339.2186 338.2970 337.0414 334.6834 331.7340 328.6416 325.6746 322.9774 320.4195
298.4026 297.4365 296.0724 295.3144 295.2774 295.7169 296.4056 296.6940 296.8089 297.2812 298.6119 300.1569 301.3295 301.8087 301.9674 302.7971 304.4558 306.5384 309.1143 311.0046 312.5223 314.3036 316.4996 318.5883 320.5103 322.8632 325.3276 328.3743 330.7971 331.7883 332.2033 333.0562 334.1999 335.6680 336.9629 337.4646 337.3156 337.1234 337.2184 337.5090 337.3372 337.6389 338.3262 339.5287 340.8960 342.3311 343.6015 344.1527 344.5984 344.9959 344.8152 344.0024 342.7878 341.7827 340.4861 338.8210 337.0834 334.8590 332.1664 329.0204 326.2792 324.0301 321.7307
300.7709 300.0504 298.9807 297.8099 297.2146 297.0776 297.2840 297.4447 297.7495 298.5533 299.3695 300.2162 300.6460 301.0425 301.3560 302.3456 303.8360 305.7511 308.5556 310.7775 312.7079 314.7378 316.8359 318.6195 320.2912 322.0458 324.5740 327.6814 330.2112 331.4377 332.3028 333.5791 335.4463 337.3764 339.1321 340.0721 340.4371 340.3719 340.7630 341.2050 341.1563 340.9737 341.8835 342.9312 343.5252 344.4861 345.6343 346.4115 346.7940 347.2452 347.0919 346.3088 344.8505 343.1909 341.3116 339.3387 337.2486 334.9731 332.3820 329.6283 327.0981 325.0303 322.8323
303.2665 302.6028 301.8551 300.8019 299.7732 298.8635 298.1982 297.9427 298.4709 299.4351 299.9369 300.0087 300.1945 300.3478 300.8443 301.9603 303.3522 305.1141 307.4777 310.1290 312.7954 315.1003 316.9391 318.2520 319.5530 321.5327 324.0249 326.8756 329.3653 330.9307 332.4515 334.3752 336.9453 339.3640 341.3046 342.7339 343.6311 343.9379 344.2336 344.5889 344.2393 344.0265 344.9417 345.5721 345.6523 345.9403 346.5905 347.3722 347.9604 348.2229 348.0802 347.3313 345.9372 343.8170 341.8067 339.5691 337.5796 335.4332 332.9391 330.3470 328.0547 326.0055 323.8699
305.6924 304.7948 304.3504 303.6681 302.3138 300.9097 299.7498 299.4262 300.0558 300.6342 300.4417 299.9757 299.8410 299.9593 300.3950 301.3796 302.5270 303.9522 306.0417 308.7201 311.8262 314.3805 316.2777 317.6962 319.1627 321.2409 323.9152 326.4895 328.8345 330.8444 332.9303 335.4531 338.3675 341.1425 343.2864 345.2074 346.5432 347.0982 347.1163 346.8934 346.5427 346.5607 346.9513 347.0652 346.6732 346.5888 346.8545 347.3396 347.8349 348.0459 347.9490 347.4306 345.9122 343.8185 341.5981 339.4629 337.5088 335.7107 333.6642 331.3534 328.9279 326.6352 324.6075
308.0483 307.3228 306.9782 306.3452 305.4356 303.9391 302.6563 302.1634 302.2653 302.1120 301.2044 300.1328 299.7821 300.0703 300.4272 300.9498 301.9339 303.1634 305.3027 308.2536 311.2927 313.8087 315.9215 317.6573 319.2750 321.4677 323.8654 326.6464 329.4285 331.8721 334.4730 337.2337 340.0808 343.0139 345.8112 347.8710 348.8658 349.0917 349.0553 348.7699 348.4509 348.2122 347.9944 347.4371 346.6594 346.1635 346.0417 346.3975 346.6150 346.7362 346.8615 346.3875 345.1132 343.0798 340.7975 338.5960 336.9364 335.6271 334.2061 331.9185 329.2911 327.0027 325.2648
310.5949 310.1053 309.7994 309.5039 308.8084 307.3279 306.0779 305.4713 304.6995 303.7641 302.4644 301.1227 300.5464 300.2744 300.1960 300.6146 301.5225 303.1273 305.7015 308.4650 311.0466 313.3822 315.7211 317.4905 319.3587 321.5264 324.2595 327.4872 330.6997 333.7417 336.6823 339.3319 342.1178 345.1587 348.0173 349.9391 350.3947 350.4630 350.3347 349.9971 349.6836 349.2495 348.5605 347.4133 345.9499 344.8336 344.2772 344.5052 344.5033 344.4180 344.5682 344.3796 343.3002 341.4483 339.3111 337.4495 336.0509 335.0094 333.7420 331.8502 329.2401 327.1866 325.7616
313.2005 312.8466 312.8398 312.9220 312.4984 311.4184 310.0853 309.0268 307.6511 306.1583 304.7545 303.1877 301.7659 300.7648 300.3634 301.0704 302.0541 303.6142 306.0257 308.8020 310.9976 313.2193 315.1701 317.1350 319.6712 322.2839 325.3475 328.9734 332.4736 335.6950 338.5417 341.4580 344.2922 346.8824 349.2409 350.9250 351.5651 351.5054 351.0407 350.4731 350.1856 349.6107 348.6470 346.8121 344.6367 342.8313 341.8778 341.7124 341.4777 341.1952 341.3643 341.1615 340.3118 338.8743 337.2930 335.7185 334.4889 333.4497 332.4791 331.1115 329.2165 327.1569 325.7080
315.5124 315.3588 315.6324 316.3749 316.5301 316.0788 314.9350 313.2524 311.3205 309.1859 307.3324 305.3531 303.3642 301.6843 301.4590 302.1031 302.9531 304.2903 306.6522 309.2224 311.4491 313.0921 315.0238 317.2511 320.3181 323.6435 327.0711 330.2311 333.4310 336.7078 340.1103 343.2610 345.8729 348.1048 350.1891 351.6550 352.4308 352.1606 351.3969 350.6932 350.1084 349.4662 348.1876 345.8514 343.0030 340.4003 338.8728 338.5292 338.2760 337.8568 337.3965 337.0356 336.4984 335.7827 334.7232 333.4595 332.2914 331.5493 331.0506 330.2511 328.7247 326.7222 325.1031
316.9409 317.6698 318.4669 319.7361 320.7578 321.0182 320.3269 318.3165 315.4330 312.7496 310.0020 307.4295 304.8959 303.4904 303.1176 303.3514 303.7338 305.1695 307.3941 309.5439 311.0221 312.5331 314.7003 317.6060 320.8181 324.5541 327.7459 330.5097 333.5582 337.1154 340.8898 344.2860 346.8043 348.9748 350.8946 352.2920 352.7882 352.4034 351.4691 350.4135 349.7538 348.9215 347.3670 344.7381 341.4748 338.5815 336.5620 335.5939 335.2361 334.6307 333.7685 332.8867 332.4259 331.9825 331.4399 330.5995 329.7929 329.2305 329.1395 328.7321 327.6446 325.9605 324.4821
318.4692 320.0653 321.4487 322.9819 324.2061 324.8684 324.5558 322.5046 319.0717 315.5591 312.4878 309.0210 306.4383 304.9399 304.5526 304.3730 304.6197 305.7166 307.4271 308.8352 309.8985 311.4607 314.1625 317.4448 321.0735 324.0018 326.8957 329.8490 333.2253 336.8845 340.5783 344.0430 346.8384 349.2235 351.2083 352.5470 352.8630 352.3611 351.3146 350.1303 349.1449 347.9464 346.2123 343.7883 340.6919 337.6880 335.0801 333.5609 332.5865 331.8079 330.8397 329.6298 328.7271 328.0809 327.6298 327.3067 326.8685 326.6187 326.7137 326.5844 325.9001 324.9545 323.8999
320.2595 322.2860 324.0456 325.7189 326.9947 327.3648 326.8775 325.2152 321.7769 318.0593 314.5545 310.7351 307.6954 306.0462 305.3834 305.5555 305.9815 306.8014 307.4214 307.9750 308.9616 311.1130 313.7982 317.1280 320.2767 323.0716 325.7878 328.8792 332.3932 336.1082 339.6238 342.8931 345.9095 348.7699 351.3205 352.7844 352.8946 352.1156 351.1788 349.7817 348.2653 346.8263 344.9908 342.9161 340.4233 337.3154 334.4969 332.2812 330.9256 329.6173 328.3330 327.1565 325.9686 324.7653 324.0609 323.7837 323.8297 323.8257 324.0411 324.1708 324.0073 323.4237 322.7654
321.9778 324.0563 325.9209 327.8958 329.0691 329.2804 328.5222 326.6577 323.6925 319.8778 316.0722 311.8632 308.3481 306.4348 305.8091 306.0887 306.9799 307.4940 307.5387 307.6693 308.6458 310.7207 313.1428 315.9717 319.0522 321.6518 324.6897 328.0520 331.4750 334.8453 338.1357 341.3531 344.8723 348.0703 350.8356 352.4993 352.7148 352.1893 350.9911 349.2755 347.3819 345.6903 343.9960 342.1955 340.0403 337.4144 334.5901 332.0566 329.9218 328.1579 326.6851 325.2602 323.7791 322.4125 321.2531 320.7827 320.7786 321.0134 321.2848 321.6349 321.7597 321.4222 320.8732
323.8382 325.8299 327.4968 329.1699 330.3723 330.6893 329.8869 327.6934 324.6858 321.3548 317.4443 313.0411 309.0883 307.1165 306.6903 306.9616 307.1879 307.6324 307.9267 308.2594 309.0254 310.3733 312.3208 314.8196 317.4866 320.5007 323.5799 327.1042 330.4108 333.6211 336.7543 340.1346 343.7541 347.3173 350.0869 351.7779 352.5715 352.4758 351.2448 349.1202 346.9384 345.1541 343.3825 341.6272 339.7653 337.3250 334.4716 331.6328 329.3214 327.3599 325.4970 323.7339 322.1597 320.6400 319.3834 318.6152 318.5797 318.5761 318.7228 318.9589 319.2255 319.1289 318.7287
325.8199 327.6257 329.0997 330.4098 331.2936 331.5711 330.7887 328.8144 325.9876 322.6275 318.5068 314.1826 310.9748 308.9524 308.0476 307.6332 307.5621 307.6995 307.8596 308.2804 309.0358 310.1882 311.9627 313.8924 316.5130 319.8877 323.2800 326.1415 329.3900 332.5973 335.9959 339.4948 343.0715 346.4480 349.3156 351.1996 352.3232 352.5085 351.4649 349.3338 346.8928 344.7086 342.6744 341.0495 339.0811 336.6505 334.0940 331.4681 329.1187 327.0056 325.0601 323.1081 321.2587 319.8997 318.4607 317.6581 317.4408 317.1465 317.0690 317.2065 317.2192 317.2282 316.8975
328.1605 329.7811 330.7938 331.6213 332.0456 331.8171 330.9872 329.3831 326.8638 323.4683 319.4864 315.6173 312.7474 310.7855 309.2985 308.2806 307.6274 307.2888 307.4435 307.8439 308.5853 309.8185 311.6097 314.0119 316.6922 319.7176 322.8777 325.6413 328.4558 331.6346 335.0233 338.9679 342.7104 345.8148 348.5914 350.8554 352.1201 352.2909 351.2736 349.3370 347.0901 344.7738 342.3066 340.2268 338.3925 336.3191 334.1615 331.7811 329.2932 327.1707 325.3269 323.4011 321.4949 320.0520 318.6620 317.7079 317.4211 317.0811 316.7652 316.5073 316.4056 316.2393 315.7754
