inst/extdata/dem_filtered_rot.asc
NCOLS 340
NROWS 316
XLLCORNER 528502.529920
YLLCORNER 274871.653426
CELLSIZE 100.000000
NODATA_VALUE -9999.000000
[rows 56 to 83 of 316, columns 0 to 62 of 340]
219.9833 220.0127 220.0083 220.0056 219.9952 219.9694 219.9470 219.9721 220.0289 220.1527 220.2999 220.4583 220.6333 220.7778 220.9326 221.0914 221.2456 221.4062 221.5440 221.6611 221.7501 221.8511 221.9363 222.0234 222.1275 222.2668 222.4421 222.6553 222.8669 223.1077 223.3736 223.7185 224.0746 224.4303 224.8613 225.3485 225.8819 226.4957 227.2107 227.9184 228.6619 229.4554 230.2241 231.0461 231.9400 232.8812 233.7848 234.7145 235.6471 236.5294 237.3596 238.1903 239.0204 239.7838 240.5025 241.1014 241.3555 241.4377 241.2904 241.0369 240.7374 240.4026 240.0654
220.3989 220.4119 220.4200 220.4222 220.4062 220.3826 220.3732 220.3917 220.4542 220.5591 220.6722 220.7884 220.9207 221.0412 221.1597 221.2830 221.4099 221.5526 221.6924 221.7954 221.9166 222.0550 222.1565 222.2828 222.4966 222.7413 222.9982 223.2362 223.5391 223.8704 224.2529 224.6383 225.0385 225.5148 226.0122 226.5340 227.1434 227.8242 228.5062 229.2359 229.9917 230.7944 231.6020 232.3747 233.2080 234.0995 234.9973 235.8632 236.7530 237.6055 238.4054 239.1424 239.7796 240.3876 240.8930 241.0613 241.1198 241.0604 240.8310 240.4746 240.0686 239.6683 239.2491
220.8450 220.8540 220.8647 220.8731 220.8534 220.8446 220.8389 220.8766 220.9096 220.9554 221.0209 221.1246 221.2075 221.2931 221.3753 221.4686 221.5813 221.6981 221.8357 221.9902 222.1125 222.3154 222.4782 222.7607 223.0746 223.3785 223.6705 224.0293 224.4148 224.7963 225.1991 225.6382 226.1052 226.6525 227.2281 227.8491 228.4815 229.1387 229.8342 230.5919 231.3582 232.1617 232.9689 233.6441 234.3496 235.1784 236.0075 236.8391 237.6792 238.4850 239.1955 239.8673 240.4005 240.7807 240.8628 240.8049 240.7379 240.5874 240.2307 239.7488 239.2798 238.8055 238.3899
221.3378 221.3426 221.3546 221.3461 221.3329 221.3301 221.3267 221.3598 221.3703 221.3869 221.4231 221.4573 221.5128 221.5691 221.6142 221.6678 221.7695 221.8948 222.0813 222.2815 222.5330 222.8027 223.1562 223.5247 223.8621 224.1688 224.5413 224.9424 225.3613 225.7745 226.2070 226.6942 227.2563 227.8780 228.5120 229.1224 229.7680 230.4513 231.1654 231.9223 232.6609 233.3753 234.0799 234.7323 235.3574 236.0811 236.8834 237.6903 238.4247 239.1118 239.7621 240.2697 240.5839 240.6177 240.5060 240.3372 240.1418 239.8126 239.3419 238.8562 238.3831 237.9142 237.4939
221.8459 221.8493 221.8419 221.8406 221.8320 221.8316 221.8280 221.8372 221.8089 221.7846 221.7917 221.7791 221.8034 221.8300 221.8405 221.8814 221.9764 222.2001 222.4343 222.7328 223.1387 223.5305 223.9766 224.3950 224.7193 225.0761 225.4378 225.8722 226.3228 226.7968 227.2648 227.7927 228.3977 229.0434 229.7214 230.3595 231.0031 231.7007 232.4127 233.0755 233.7693 234.4179 235.0140 235.6640 236.3007 236.9463 237.6479 238.3355 238.9612 239.5603 240.0235 240.2644 240.2689 240.1152 239.9352 239.7073 239.4171 239.0342 238.5132 237.9840 237.5111 237.0792 236.6725
222.3646 222.3535 222.3373 222.3313 222.3315 222.3279 222.3151 222.2711 222.1812 222.1293 222.1056 222.0943 222.0947 222.0786 222.0664 222.1080 222.2778 222.5415 222.8933 223.2983 223.7617 224.2495 224.7450 225.2505 225.6211 225.9964 226.4473 226.8815 227.3531 227.8076 228.3164 228.9050 229.5289 230.2083 230.8797 231.5281 232.1805 232.8695 233.5064 234.1149 234.7020 235.3338 235.9223 236.4967 237.0968 237.6999 238.2436 238.7709 239.2763 239.6732 239.8173 239.7958 239.6279 239.4151 239.1722 238.9377 238.6380 238.1994 237.6697 237.1238 236.6056 236.1900 235.8085
222.8616 222.8449 222.8222 222.7997 222.7930 222.7630 222.6909 222.6057 222.5137 222.4242 222.3789 222.3268 222.2987 222.2905 222.2895 222.4081 222.6211 222.9565 223.3827 223.8334 224.3148 224.9201 225.5012 226.0822 226.5728 227.0219 227.4903 227.9431 228.3615 228.8435 229.4058 230.0450 230.6868 231.3786 232.0472 232.6769 233.2909 233.9322 234.5354 235.0796 235.6054 236.0812 236.6489 237.1973 237.6915 238.1442 238.5609 238.9465 239.1909 239.2091 239.1537 239.0452 238.8157 238.5563 238.3309 238.0681 237.7331 237.2769 236.7911 236.2593 235.7575 235.3173 234.9816
223.3529 223.3240 223.2982 223.2603 223.2362 223.1927 223.0830 222.9909 222.8608 222.7313 222.6342 222.5646 222.5048 222.4808 222.5193 222.7197 222.9757 223.3277 223.7907 224.3082 224.8737 225.4732 226.1736 226.8048 227.3987 228.0103 228.5219 228.9891 229.4141 229.8897 230.4650 231.1227 231.8060 232.4669 233.1338 233.7407 234.3047 234.8641 235.4387 235.9491 236.4033 236.8034 237.2529 237.6540 237.9402 238.2614 238.4478 238.5522 238.5633 238.4630 238.3374 238.1617 237.9164 237.6434 237.3821 237.1009 236.7518 236.3428 235.8954 235.4148 234.9795 234.5636 234.2429
223.7804 223.7454 223.6959 223.6488 223.6087 223.5360 223.4554 223.3271 223.1687 223.0164 222.8817 222.7654 222.6830 222.6401 222.7347 222.9599 223.2505 223.6462 224.1249 224.7389 225.3521 225.9668 226.6912 227.4463 228.1901 228.9561 229.5389 229.9748 230.4107 230.8981 231.4415 232.1199 232.8176 233.4640 234.0640 234.6560 235.2342 235.7899 236.2934 236.7469 237.0810 237.3527 237.5881 237.8112 237.9323 237.9034 237.8356 237.7675 237.7021 237.5504 237.3570 237.1323 236.8626 236.6033 236.3407 236.0487 235.7206 235.3745 234.9962 234.6158 234.2209 233.8653 233.6180
224.1620 224.1045 224.0445 223.9977 223.9592 223.8915 223.7872 223.6366 223.4708 223.2976 223.1270 222.9825 222.8701 222.8044 222.9324 223.1454 223.4858 223.9163 224.4727 225.0667 225.7068 226.4297 227.2128 228.0867 228.9283 229.7843 230.5105 230.9411 231.4010 231.8632 232.4184 233.0520 233.7294 234.3601 234.9270 235.4964 236.0428 236.5457 236.9536 237.2207 237.3643 237.4686 237.5691 237.5432 237.3667 237.1586 236.9948 236.8331 236.6318 236.4144 236.1976 235.9761 235.6823 235.4584 235.2138 234.9688 234.6990 234.4154 234.1370 233.8435 233.5408 233.2595 233.0631
224.4789 224.4347 224.3723 224.3074 224.2693 224.1799 224.0691 223.9062 223.7170 223.5373 223.3605 223.1983 223.0638 223.0044 223.0798 223.3466 223.6721 224.1330 224.6864 225.3136 226.0729 226.8773 227.7559 228.6742 229.5330 230.4027 231.2227 231.9071 232.3459 232.7964 233.3232 233.9222 234.5391 235.1385 235.6492 236.0597 236.4644 236.8173 237.0385 237.1373 237.1380 237.0907 237.0177 236.8319 236.5587 236.2746 235.9990 235.7669 235.5343 235.2864 235.0202 234.7846 234.5650 234.3607 234.1605 233.9563 233.7709 233.5229 233.3354 233.1410 232.9541 232.7860 232.7293
224.7362 224.6944 224.6392 224.5750 224.5269 224.4334 224.3049 224.1433 223.9529 223.7597 223.5841 223.4030 223.2242 223.1576 223.2035 223.4624 223.8281 224.3140 224.8799 225.6342 226.4773 227.3358 228.2355 229.1108 230.0096 230.8944 231.7349 232.5783 233.1626 233.6109 234.0045 234.5009 235.0076 235.4675 235.8235 236.1247 236.3946 236.5810 236.6262 236.6153 236.5311 236.3671 236.1609 235.8865 235.5420 235.2015 234.8946 234.6337 234.4338 234.1793 233.8850 233.6752 233.5149 233.3715 233.2326 233.0723 232.9303 232.8230 232.7075 232.6042 232.5646 232.5927 232.6786
224.8507 224.8335 224.7884 224.7447 224.7174 224.6216 224.4826 224.3164 224.1442 223.9610 223.7691 223.5703 223.3804 223.2940 223.3409 223.5527 223.9761 224.5306 225.1979 225.9811 226.7923 227.6944 228.5528 229.3485 230.1716 231.0414 232.0034 232.9003 233.5460 233.9446 234.2469 234.5875 234.8634 235.1250 235.4459 235.6658 235.8123 235.8971 235.8711 235.7833 235.6598 235.4383 235.1045 234.7518 234.3956 234.0472 233.7441 233.5025 233.3158 233.0729 232.8197 232.6570 232.5783 232.5529 232.5301 232.4397 232.3895 232.3910 232.4106 232.4489 232.5260 232.6471 232.9822
224.9271 224.9299 224.8949 224.8626 224.8149 224.7121 224.6047 224.4591 224.2972 224.1262 223.9350 223.7396 223.5446 223.4107 223.4957 223.6940 224.1675 224.7970 225.4670 226.2405 227.0705 227.8795 228.6387 229.3718 230.1328 230.9895 231.9229 232.7177 233.4259 233.7777 233.9389 234.0944 234.2399 234.4291 234.6331 234.8311 234.9497 235.0015 234.9409 234.7962 234.6041 234.3521 233.9929 233.5619 233.2009 232.9162 232.6615 232.4590 232.3123 232.1694 231.9854 231.8878 231.9068 232.0396 232.1179 232.1664 232.2470 232.3795 232.4999 232.6666 232.8819 233.2076 233.7813
224.9682 224.9532 224.9163 224.8719 224.8368 224.7564 224.6582 224.5347 224.3770 224.2243 224.0536 223.8834 223.6927 223.5344 223.5396 223.8113 224.2635 224.9435 225.6425 226.4326 227.1996 227.9047 228.6015 229.2791 229.9967 230.7858 231.5252 232.2332 232.8098 233.1969 233.2588 233.3279 233.4112 233.5434 233.6999 233.8436 233.9312 233.9444 233.8611 233.7260 233.4890 233.2057 232.8603 232.4819 232.1820 231.9469 231.7736 231.6313 231.5356 231.4917 231.4315 231.4517 231.5705 231.7661 231.9857 232.2019 232.4705 232.7339 233.0180 233.3546 233.8305 234.3695 235.2262
225.0184 224.9819 224.9467 224.9020 224.8542 224.7928 224.7169 224.6085 224.4921 224.3601 224.2200 224.0559 223.8936 223.7480 223.6618 223.8524 224.3063 224.9866 225.7327 226.4881 227.1803 227.8599 228.4907 229.0867 229.7289 230.3577 230.9717 231.5322 231.9709 232.3375 232.5121 232.5825 232.5676 232.6178 232.7014 232.7789 232.8644 232.8917 232.8039 232.6445 232.4266 232.1658 231.8707 231.5783 231.3390 231.1935 231.0893 230.9968 230.9766 231.0363 231.1389 231.3451 231.5979 231.8958 232.3022 232.8250 233.2083 233.7375 234.2995 234.9747 235.6360 236.4545 237.4924
225.0990 225.0821 225.0670 225.0303 224.9742 224.9065 224.8450 224.7664 224.6612 224.5477 224.4242 224.2913 224.1520 224.0242 223.9118 223.9636 224.3831 224.9688 225.6621 226.3960 227.0247 227.6556 228.1890 228.7173 229.2565 229.7860 230.2911 230.7556 231.2119 231.5181 231.6780 231.7209 231.7214 231.7400 231.7948 231.8778 232.0027 232.0459 231.9413 231.7721 231.5471 231.3248 231.1021 230.8925 230.7293 230.6279 230.6181 230.6600 230.8165 231.0121 231.3525 231.8509 232.3724 232.9332 233.5518 234.3213 235.1370 236.0069 236.7987 237.4989 238.1256 239.0676 240.2917
225.2587 225.2322 225.2406 225.2274 225.1786 225.1177 225.0473 224.9910 224.9199 224.8184 224.7100 224.5904 224.4877 224.3915 224.2663 224.2328 224.4795 224.9623 225.5594 226.2034 226.7509 227.2401 227.7195 228.1890 228.6456 229.1321 229.5775 230.0042 230.4031 230.6979 230.8973 230.9680 230.9654 231.0066 231.0882 231.1722 231.2775 231.3559 231.2789 231.0733 230.8443 230.6624 230.5240 230.4178 230.4159 230.5098 230.6388 230.9572 231.4011 231.8534 232.4956 233.3536 234.1203 234.9391 235.7581 236.8971 238.1736 239.1352 239.7323 240.0852 240.4913 241.5317 242.7390
225.5239 225.5077 225.5079 225.5178 225.4822 225.4383 225.3725 225.3354 225.2455 225.1843 225.0990 225.0001 224.9160 224.8499 224.7726 224.6448 224.6804 225.0668 225.5407 226.0177 226.4968 226.8502 227.2354 227.6163 228.0449 228.5009 228.9089 229.3284 229.6309 229.8795 230.0760 230.2074 230.2032 230.2517 230.3851 230.5189 230.6562 230.7099 230.6297 230.4840 230.3257 230.2328 230.2127 230.2525 230.5097 230.9230 231.4478 232.1167 232.8679 233.7784 234.9611 236.1585 237.1896 238.1883 239.4140 240.6511 241.7747 242.4772 242.8060 242.9215 243.1470 244.0389 245.2023
225.9015 225.9157 225.9304 225.9591 226.0005 225.9791 225.9289 225.8642 225.7989 225.7440 225.6910 225.6313 225.5621 225.4512 225.3502 225.2554 225.1483 225.2406 225.5336 225.9713 226.3448 226.6495 226.8848 227.1858 227.5626 227.9747 228.3565 228.6556 228.8993 229.1254 229.2887 229.3989 229.4538 229.5765 229.7558 229.9520 230.1240 230.1577 230.1189 230.0815 230.0585 230.1615 230.3734 230.7204 231.2913 232.1799 233.1843 234.1928 235.3089 236.7104 238.1195 239.5058 240.9110 242.2379 243.6155 244.8069 245.4794 245.8050 245.9918 246.0658 246.4926 247.2000 247.9910
226.4139 226.4859 226.5800 226.6577 226.6368 226.5980 226.5021 226.4497 226.3889 226.3409 226.3125 226.2406 226.1563 226.0999 226.0124 225.8407 225.6770 225.6123 225.7458 226.0503 226.4009 226.6555 226.7991 226.9729 227.1134 227.4352 227.7292 227.9740 228.2126 228.3615 228.5283 228.6760 228.8076 229.0022 229.2146 229.4212 229.5703 229.6509 229.6799 229.7828 230.0227 230.4689 231.1335 232.0323 233.1192 234.4983 235.8468 237.1009 238.6288 240.2885 241.6450 243.0270 244.6276 246.3060 247.7975 248.8815 249.4213 249.8012 250.0344 250.0556 250.3952 250.9400 251.3217
227.2529 227.5152 227.8174 227.6031 227.5250 227.4833 227.3786 227.2902 227.2788 227.2295 227.2543 227.1899 227.0387 226.9113 226.7982 226.7302 226.6142 226.4534 226.5444 226.7740 227.1742 227.3947 227.5122 227.5936 227.3232 227.2668 227.3364 227.3845 227.5533 227.7006 227.8562 228.0027 228.2357 228.4961 228.7070 228.9054 229.0664 229.1930 229.3840 229.8106 230.4749 231.3772 232.5721 234.0034 235.5903 237.3504 238.7225 240.1660 241.9422 243.9056 245.3242 246.7225 248.3454 250.2170 251.8400 252.9733 253.7599 254.1758 254.2616 254.3817 254.4897 254.8309 254.9304
229.1554 229.3513 229.4773 229.5171 229.4865 229.4406 229.2225 229.1793 229.2990 229.3277 229.2352 229.0925 228.7953 228.5793 228.3558 228.3423 228.1868 228.2895 228.4780 228.7536 229.1446 229.3507 229.3859 229.3754 228.9056 228.3562 228.0059 227.4833 227.2071 227.2195 227.2920 227.4683 227.7351 228.0410 228.3127 228.4967 228.7150 229.0023 229.5344 230.4042 231.5918 232.9930 234.5648 236.3912 238.2682 240.0676 241.5449 243.1687 245.1558 247.2200 248.7989 250.3971 252.0602 253.8477 255.5002 256.9450 257.9872 258.0242 257.9474 258.2903 258.4472 258.6053 258.4445
230.6922 230.7742 230.9480 231.1384 231.3005 231.5267 231.7836 232.1386 232.6736 232.7693 232.5447 232.3833 232.3059 231.7323 231.2558 230.6930 230.6502 231.0559 231.4752 231.6185 231.7056 231.6238 231.5229 231.4115 230.8893 230.0312 229.2030 228.4580 227.8004 227.2965 227.0248 227.0840 227.3423 227.6752 227.9734 228.3401 228.7642 229.3187 230.2399 231.6399 233.2797 234.9248 236.6330 238.6099 240.4326 242.1760 243.9379 245.8091 247.9736 250.0694 251.9001 253.6902 255.4354 257.0856 258.8654 260.6980 261.6025 261.5828 261.5597 261.8319 261.9586 262.0496 261.7639
232.8345 232.8695 232.9611 233.2539 233.5858 234.1867 235.0464 235.7803 236.3592 236.6151 236.9160 237.2148 236.7967 236.0483 235.2610 234.7479 234.5038 234.8517 235.1042 234.9761 234.5170 234.1543 233.7608 233.2815 232.6517 231.8040 230.7373 229.7270 228.7964 228.0995 227.6268 227.2560 227.2197 227.5310 227.9908 228.5085 229.1620 230.0253 231.3433 233.0574 234.8547 236.5611 238.3098 240.1548 242.0554 243.8985 245.9266 248.0197 250.1479 252.4116 254.4262 256.2118 258.0256 259.8890 261.9947 263.8792 264.6825 264.7987 265.0294 265.2509 265.2939 264.8641 264.4741
235.9297 236.4967 236.6751 237.0317 237.3745 238.0104 239.1398 239.8732 240.4493 241.1181 242.1367 242.5915 242.2146 241.4722 240.9745 240.5414 240.0326 239.4625 238.8342 238.1828 237.5367 236.7488 235.9122 235.1574 234.4396 233.4797 232.3424 231.1091 230.0386 229.2094 228.5490 228.1436 227.7822 227.8317 228.2725 228.8979 229.7220 230.9281 232.4860 234.2607 235.9203 237.5275 239.2921 241.2478 243.1850 245.2093 247.2848 249.4183 251.5368 253.8366 255.9426 258.0089 259.8554 262.0095 264.2575 265.9620 266.6716 267.3227 268.1342 268.6075 268.1407 267.4514 266.6707
240.1391 240.7899 241.2521 242.1741 243.0291 243.3565 243.7901 244.7369 245.4617 246.4586 247.2525 247.7356 247.8999 247.5404 247.3122 246.7264 245.5991 244.3013 242.8424 241.7316 240.7881 239.7354 238.5671 237.5454 236.4309 235.3077 234.1385 232.5730 231.0914 230.0691 229.2236 228.8459 228.5942 228.4197 228.6482 229.2577 230.2040 231.6275 233.3198 235.1243 236.6855 238.2193 239.9899 241.9593 243.8373 245.9031 248.0258 250.0798 252.1546 254.5637 256.9709 259.2728 261.2736 263.6754 265.7883 267.3158 268.3169 269.2963 270.5468 270.9839 270.4966 269.6756 268.7352
244.2962 244.8955 245.9873 247.3852 248.6803 249.6050 249.8757 250.4564 251.4522 252.4498 253.1203 253.2203 253.2530 253.4281 253.2882 252.5371 251.1544 249.2692 247.5617 246.1895 245.1553 243.7960 242.0527 240.4302 239.0013 237.6680 236.2003 234.3037 232.3805 230.9733 229.9317 229.3650 229.1275 228.9757 229.1232 229.6095 230.5623 232.0191 233.6246 235.3519 236.9639 238.4847 240.2509 242.2177 244.0031 246.1362 248.3862 250.2888 252.1788 254.6338 257.3352 259.8131 261.8872 264.0691 266.3779 268.1234 268.9126 270.2671 271.6944 272.4188 272.0304 271.2502 270.6931
