inst/extdata/hru_18dec2008__2200_rotated.asc
ncols         340
nrows         316
xllcorner     528502.52992
yllcorner     274871.653426
cellsize      100
NODATA_value  -9999
[rows 168 to 209 of 316, columns 94 to 187 of 340]
439 439 422 422 422 427 427 427 427 427 427 427 427 427 427 427 427 427 427 386 386 386 386 386 386 414 414 414 414 414 414 414 414 414 414 407 407 407 410 410 423 423 423 423 423 423 423 423 423 423 423 423 423 423 440 440 389 389 389 389 389 389 389 389 440 440 440 440 389 440 440 389 397 397 430 430 430 428 428 428 428 428 428 430 430 430 430 442 442 442 442 442 442 415
439 439 439 422 422 427 427 427 427 427 427 427 427 427 427 427 427 427 427 386 386 386 386 386 386 414 414 414 414 414 414 414 414 414 414 407 407 407 410 410 423 423 423 423 423 423 423 423 423 423 423 423 423 440 440 440 389 389 389 389 389 389 389 440 440 440 440 440 389 440 440 389 397 430 430 430 428 428 428 428 428 428 428 430 430 430 430 430 442 442 442 442 442 442
439 439 439 439 422 422 427 427 427 427 427 427 427 427 427 427 427 427 427 427 386 386 386 386 414 414 414 414 414 414 414 414 414 414 407 407 414 414 407 410 410 423 423 423 423 423 423 423 423 423 423 423 423 423 440 440 440 389 389 389 389 440 440 440 440 440 440 440 440 440 440 440 430 430 430 430 428 428 428 428 428 428 428 428 430 430 430 430 442 442 442 442 442 442
439 439 439 422 422 422 427 427 427 427 427 427 427 427 427 427 427 427 427 427 386 386 386 386 414 414 414 414 414 414 414 414 414 407 407 414 414 414 414 407 410 423 423 423 423 423 423 423 423 423 454 423 423 423 423 423 440 440 389 389 440 440 440 440 440 440 440 440 440 440 440 440 430 430 430 430 428 428 428 428 428 428 428 430 430 430 430 430 430 442 442 442 442 446
439 439 439 422 422 422 422 427 427 427 427 427 427 427 427 427 427 427 427 427 427 386 386 414 414 414 414 414 414 414 414 414 414 407 407 414 414 414 414 407 410 454 423 423 423 423 423 423 454 454 454 423 423 454 423 423 440 440 440 440 440 440 440 440 440 440 440 440 440 440 440 440 430 430 430 430 428 428 428 428 428 428 428 428 430 430 430 430 430 430 442 442 446 446
422 422 422 422 422 422 422 427 427 427 427 427 427 427 427 427 427 427 427 427 427 427 386 482 414 414 414 414 414 407 407 407 407 407 414 414 414 414 414 407 410 454 454 454 454 454 454 454 454 454 454 454 454 454 454 423 423 440 440 440 440 440 440 440 440 440 440 440 440 440 440 440 440 430 430 430 428 428 428 428 428 428 428 428 430 430 430 430 430 446 446 446 446 446
422 422 422 422 422 422 422 422 427 427 427 427 427 427 427 427 427 427 427 427 427 427 482 482 482 482 414 414 414 407 414 407 414 414 414 414 414 407 407 410 410 410 410 454 454 454 454 454 454 454 454 454 454 454 423 423 423 440 440 440 440 440 440 440 440 440 440 440 440 440 440 440 430 430 430 430 428 428 428 428 428 428 428 430 430 430 430 430 446 446 446 446 446 446
439 439 422 422 422 422 422 422 422 427 427 427 427 427 427 427 427 427 427 427 427 482 482 482 482 414 414 414 414 414 414 414 414 414 414 414 414 407 410 410 454 454 454 454 454 454 454 423 423 454 454 454 454 454 423 423 423 423 440 440 423 423 440 440 440 440 440 440 440 440 440 440 440 430 430 430 428 428 428 428 428 430 430 430 430 430 430 430 446 446 446 446 446 446
422 422 422 422 422 422 422 422 422 422 422 422 422 422 427 427 427 427 427 427 482 482 482 482 414 414 414 414 414 414 414 414 414 414 414 414 414 407 407 410 454 423 423 423 423 423 454 423 423 423 423 454 423 423 423 423 423 423 423 423 423 423 423 440 440 440 440 440 440 440 440 430 430 430 430 430 428 430 428 428 428 430 430 430 430 430 430 446 446 446 446 446 446 446
422 422 422 422 422 422 422 422 422 422 422 422 422 422 422 422 427 427 427 482 482 482 482 414 414 414 414 414 414 414 414 414 414 414 414 414 414 407 407 410 410 454 423 423 423 423 423 423 423 423 423 423 423 423 423 423 423 423 423 423 423 423 423 423 440 440 440 440 440 440 430 430 430 430 430 430 430 430 430 428 428 430 430 475 475 430 430 446 446 446 446 446 446 446
422 422 422 422 422 422 422 422 422 422 422 422 422 422 422 422 468 468 468 482 482 482 482 482 414 414 414 414 414 414 414 414 414 414 414 414 407 414 414 414 410 454 423 423 423 423 423 423 423 423 423 423 423 423 423 423 423 423 423 423 423 423 423 423 423 440 440 440 440 440 430 430 430 430 430 430 430 430 430 430 430 430 475 475 475 475 446 446 469 469 469 469 469 446
439 439 422 422 422 439 439 422 422 439 422 422 422 422 422 468 468 468 468 468 482 482 482 482 414 414 414 482 414 414 414 414 414 414 414 414 414 414 414 414 410 410 454 454 423 423 423 423 423 423 423 423 423 423 423 423 423 423 423 423 423 423 423 423 423 440 440 440 440 430 430 430 430 430 430 430 475 430 430 430 430 430 475 475 475 472 469 469 469 469 469 469 469 469
439 439 439 439 439 439 439 422 439 439 422 422 422 422 468 468 468 468 468 468 468 482 482 482 482 482 482 482 482 482 482 414 414 414 414 414 414 414 414 414 410 410 454 454 423 423 454 423 423 423 423 423 423 423 423 423 423 423 423 423 423 423 423 423 423 423 440 440 430 430 430 430 475 475 430 430 475 475 430 475 475 475 475 475 472 472 472 469 469 469 469 469 469 469
439 439 439 439 439 439 439 439 439 422 422 422 422 422 468 468 468 468 468 468 468 468 468 482 482 482 482 482 482 414 414 414 414 414 414 414 414 414 414 414 410 410 410 454 423 454 454 423 423 423 423 423 454 454 454 454 423 423 454 454 454 423 423 423 423 423 478 430 430 430 475 475 475 475 475 475 475 475 475 475 475 475 475 475 472 472 472 469 469 469 469 469 469 469
439 439 439 439 439 439 439 439 422 422 422 422 422 422 468 468 468 468 468 468 468 468 468 468 482 482 482 482 414 414 414 414 414 414 414 414 414 414 414 414 414 410 410 410 454 454 454 423 423 423 423 423 454 454 454 454 454 454 454 423 423 423 423 423 478 478 478 430 430 430 475 475 475 475 472 472 472 472 475 472 472 472 472 472 472 472 472 472 469 469 469 469 469 469
439 439 439 439 439 439 439 422 422 422 422 422 422 468 468 468 468 468 468 468 468 468 468 468 482 482 482 482 414 414 414 414 414 414 414 414 414 414 414 414 482 414 414 410 454 454 454 423 423 423 423 423 454 454 454 454 454 454 454 423 423 423 423 423 478 478 478 430 430 430 475 475 472 472 472 472 472 472 472 472 472 472 472 472 472 472 472 472 472 472 469 469 469 469
439 439 439 439 439 439 439 439 439 422 422 422 468 468 468 468 468 468 483 468 468 468 468 468 468 482 482 482 414 414 414 414 414 414 414 482 482 482 482 482 482 482 414 410 410 454 454 454 423 423 454 454 454 454 423 423 423 454 454 423 478 478 478 478 478 478 475 430 430 475 475 472 472 472 472 472 472 472 472 472 472 472 472 472 472 472 472 472 472 472 469 469 469 469
439 439 439 439 439 439 439 439 422 422 422 468 468 468 468 468 483 483 483 468 468 468 468 468 482 482 482 482 414 414 414 414 414 414 482 482 482 482 482 482 482 482 482 414 410 454 423 423 423 423 454 454 454 423 423 423 423 423 423 423 478 478 478 478 478 478 475 475 475 475 472 472 472 472 491 491 472 472 472 472 472 491 491 472 472 472 472 491 491 472 472 469 469 469
439 439 439 439 439 439 439 439 422 422 468 468 468 468 483 483 483 483 483 468 468 468 468 482 482 482 482 414 414 414 414 414 414 414 482 482 482 482 482 482 482 482 482 414 410 454 454 423 454 454 454 454 454 454 423 423 423 423 423 423 423 478 478 478 478 478 478 475 475 472 472 472 491 472 491 491 472 472 472 472 472 491 491 491 472 472 472 491 491 472 472 472 469 469
439 439 439 439 439 422 439 422 422 468 468 468 468 483 483 483 483 468 468 468 468 468 468 482 482 482 414 414 414 414 414 414 414 414 482 482 482 482 482 482 414 414 414 414 414 454 454 454 454 454 454 454 423 423 423 423 423 423 423 423 423 423 478 478 478 478 478 475 475 472 472 472 491 491 491 491 472 472 472 472 472 491 491 491 472 472 472 491 491 491 491 491 491 469
439 439 439 439 422 422 422 422 468 483 483 483 483 483 483 483 483 468 468 468 468 468 468 468 482 482 482 414 414 414 414 414 482 482 414 482 482 482 482 482 414 414 414 414 414 414 454 454 454 423 423 423 423 423 423 423 423 423 423 423 423 423 478 478 478 478 478 478 475 472 472 472 491 491 512 491 491 491 472 472 472 491 491 491 491 472 491 491 491 491 491 491 491 491
439 439 439 468 468 468 468 468 468 483 483 483 468 468 468 468 468 468 483 483 468 468 468 468 468 468 482 482 482 414 482 482 482 482 482 482 482 482 482 482 414 482 414 414 482 482 414 454 454 454 423 423 423 423 423 423 423 423 423 423 423 423 478 423 423 478 478 478 478 522 522 522 522 512 512 512 491 491 472 472 472 491 491 491 491 472 472 491 491 491 491 491 491 491
439 483 483 483 483 483 468 468 483 483 483 468 468 468 468 468 468 468 483 483 483 468 468 468 468 468 468 482 482 482 482 482 482 482 482 482 482 482 482 482 482 482 482 482 482 482 414 454 454 454 454 423 423 423 423 423 423 423 423 423 423 423 423 423 423 478 478 478 478 522 522 522 522 512 512 512 491 491 491 472 472 491 491 491 491 491 472 491 491 491 491 491 491 491
439 483 483 483 483 483 483 483 483 468 468 468 468 468 468 468 468 483 483 483 483 468 468 483 468 468 468 468 468 482 482 482 482 482 482 482 482 503 482 482 482 482 482 482 482 482 414 414 454 454 454 423 423 423 423 423 423 423 423 423 423 423 423 423 478 478 478 478 478 522 522 522 522 522 512 512 512 491 491 491 472 491 491 491 491 491 491 491 491 491 491 491 491 491
439 483 483 483 483 483 483 483 483 468 483 468 468 468 483 483 468 483 483 483 468 468 483 483 483 483 468 468 468 468 482 482 482 482 482 482 503 503 482 482 482 503 503 482 482 482 414 414 454 454 454 423 423 423 423 423 423 423 423 423 423 423 423 478 478 478 478 478 478 522 522 522 522 522 512 512 512 491 491 491 491 491 491 491 491 491 491 491 491 491 491 491 491 491
489 489 483 483 483 483 483 483 483 483 483 483 483 483 483 483 468 483 483 468 468 483 483 483 483 483 483 468 468 468 468 468 482 482 482 482 503 503 503 503 503 503 503 482 482 482 414 414 414 454 423 423 423 423 423 423 423 423 423 423 423 423 478 478 423 478 478 478 478 522 522 522 522 522 512 512 512 512 491 491 491 491 491 491 491 491 491 491 491 491 491 491 491 491
489 489 489 483 483 483 483 483 483 483 483 483 483 483 483 483 483 483 483 468 483 483 483 483 483 483 483 468 468 468 468 468 468 468 482 482 503 503 503 482 482 482 482 482 482 482 414 414 414 454 454 423 423 423 423 423 423 423 423 423 423 423 423 423 423 478 478 478 506 506 522 522 522 522 522 512 512 512 512 512 491 491 491 491 491 491 491 491 491 491 491 491 491 491
489 489 489 508 508 508 508 508 483 483 483 483 483 483 483 483 483 483 483 483 483 483 483 483 483 483 483 483 483 483 483 468 468 468 468 509 509 503 503 503 482 482 482 482 482 482 482 482 414 454 454 454 423 423 423 423 423 423 423 423 423 423 423 423 478 478 506 506 506 506 506 506 506 522 522 522 512 512 512 512 512 512 491 491 491 491 491 491 491 491 491 491 491 491
489 489 489 508 508 508 508 508 508 508 508 508 508 508 508 508 508 483 483 483 483 483 483 483 483 483 483 483 483 483 483 483 468 468 468 468 509 509 503 503 503 482 482 482 482 482 482 482 414 454 454 454 454 454 454 454 423 423 423 423 423 423 423 478 478 506 506 506 506 506 506 506 506 506 522 522 512 512 512 512 512 512 512 512 512 491 491 491 491 491 491 491 491 491
489 489 517 508 508 508 508 508 508 508 508 508 508 508 508 508 508 508 483 483 483 483 483 468 483 483 468 468 483 468 483 483 468 468 509 509 509 503 503 503 482 482 482 482 482 482 482 482 414 454 454 454 454 454 454 454 454 454 454 423 423 423 423 478 506 506 506 506 506 506 506 506 506 506 506 506 522 512 512 512 512 512 512 512 512 512 512 512 512 491 491 512 491 491
489 517 517 517 508 508 508 508 508 508 508 508 508 508 508 508 508 508 508 483 483 483 468 468 468 468 468 468 468 468 468 468 468 509 509 509 503 503 482 503 482 482 482 482 414 482 482 414 454 454 423 454 423 423 454 454 454 423 423 423 423 423 478 478 506 506 506 506 506 506 518 518 506 506 506 506 522 522 512 512 512 512 512 512 512 512 512 512 512 512 512 512 512 512
517 517 517 517 517 508 508 517 517 517 508 508 508 508 508 508 508 508 508 508 483 483 483 483 468 468 468 468 468 468 468 468 468 468 509 509 503 482 482 482 503 482 482 482 482 414 414 454 454 454 423 423 423 423 454 454 454 423 423 423 423 478 478 506 506 506 506 506 506 506 518 518 506 506 518 506 506 522 522 512 512 512 512 512 512 512 512 512 512 512 512 512 512 512
517 517 517 517 517 517 517 517 517 517 517 517 517 517 517 517 508 508 508 508 483 483 483 483 468 468 509 509 509 509 468 468 468 468 509 509 503 503 482 482 482 482 482 414 414 414 423 423 454 454 423 423 423 423 423 423 423 423 423 423 478 478 506 506 506 506 506 506 506 506 518 518 518 506 518 506 506 522 522 512 512 512 512 512 512 512 512 512 512 512 512 512 512 512
517 517 517 517 517 517 517 517 517 517 517 517 517 517 517 517 517 508 508 508 508 483 483 483 483 468 468 468 509 509 509 468 468 509 509 509 503 503 482 482 482 482 482 414 414 423 423 423 454 423 423 423 423 423 423 423 423 423 423 423 478 478 506 506 518 506 506 506 506 506 518 518 518 518 518 518 522 522 522 522 512 512 512 512 512 522 512 512 512 512 512 512 512 512
517 517 517 517 517 517 517 517 517 517 517 517 517 517 517 517 517 517 508 508 508 508 483 483 483 483 468 468 509 509 509 509 509 509 509 503 503 482 482 482 482 482 423 423 423 423 423 423 454 423 423 423 423 423 423 423 423 423 423 423 478 478 506 518 518 518 506 506 506 506 518 518 518 518 518 518 518 522 522 522 522 512 512 512 512 522 522 522 512 512 512 512 512 512
517 517 517 517 517 517 517 517 517 517 517 517 517 517 517 517 517 517 508 508 508 508 483 483 483 483 468 468 468 468 509 509 509 509 503 503 503 503 482 482 482 423 423 423 423 423 423 423 423 423 423 423 423 423 423 423 478 478 478 478 478 478 506 506 518 518 518 518 518 506 518 518 518 518 518 518 518 518 522 522 522 522 522 522 522 522 522 518 518 518 512 512 512 512
517 517 517 517 517 517 517 517 517 517 517 532 532 532 517 517 517 517 517 517 508 508 508 508 483 483 468 468 468 468 509 509 509 503 503 482 503 482 482 482 423 423 423 423 423 423 423 423 423 423 423 423 478 423 423 478 533 478 478 533 533 533 533 506 518 518 518 518 518 518 518 518 518 518 518 518 518 518 522 522 522 522 522 522 522 522 518 518 518 518 512 512 512 512
535 517 517 517 517 517 517 517 517 517 532 532 517 517 517 517 517 517 517 517 517 508 508 508 508 483 468 468 468 509 509 509 503 503 503 482 482 482 423 423 423 423 423 423 423 423 423 423 423 423 423 423 478 478 478 533 533 533 533 533 533 533 533 506 506 518 518 518 518 518 518 518 518 518 518 518 518 518 518 522 522 522 522 522 522 518 518 518 518 518 518 512 512 512
535 535 532 532 532 532 532 532 532 517 532 517 517 517 517 517 517 517 517 517 517 517 508 508 508 508 468 468 468 468 509 509 503 503 503 482 482 423 423 423 423 423 478 423 423 423 478 423 423 423 423 423 423 478 533 533 538 533 533 533 538 538 533 533 533 506 518 518 518 518 518 518 518 518 518 518 518 518 518 518 518 522 518 518 518 518 518 518 518 518 518 518 512 512
535 545 532 532 532 532 532 532 532 532 532 532 517 517 532 532 532 532 517 517 517 517 508 508 508 508 508 468 468 468 509 509 503 503 482 423 423 423 423 423 423 423 478 423 423 423 478 478 478 478 478 478 478 478 533 538 538 538 538 533 538 538 538 533 533 506 538 518 518 518 518 518 518 518 518 518 518 518 518 518 518 518 518 518 518 518 518 518 518 518 518 518 518 518
535 545 545 532 532 532 532 532 532 532 532 532 532 532 532 532 532 532 517 517 517 517 517 508 508 508 508 508 468 468 468 509 503 503 482 423 478 478 423 423 423 423 478 478 423 423 478 478 478 478 533 533 533 533 533 533 538 538 538 538 538 538 538 538 538 538 538 538 538 538 518 518 518 518 518 518 518 518 518 518 518 518 518 518 518 518 518 518 518 518 518 518 518 518
545 545 545 532 532 532 532 532 532 532 532 532 532 532 532 532 532 517 517 517 517 517 517 508 508 508 508 508 508 508 468 468 503 503 503 478 478 478 423 423 423 478 478 478 478 478 478 533 533 533 533 533 533 533 533 538 538 538 538 538 538 538 538 538 538 538 538 538 538 538 538 518 518 518 518 518 518 518 518 518 518 518 518 518 518 518 518 518 518 518 518 518 518 518
