inst/extdata/hru_18dec2008__2200_rotated.asc
ncols         340
nrows         316
xllcorner     528502.52992
yllcorner     274871.653426
cellsize      100
NODATA_value  -9999
[rows 210 to 251 of 316, columns 188 to 281 of 340]
518 518 518 518 518 547 547 547 547 547 547 547 498 498 498 499 499 499 499 499 499 499 499 539 539 539 539 539 539 539 539 539 539 520 520 520 520 520 520 520 520 520 520 520 520 520 520 520 520 520 520 520 527 527 527 527 528 528 528 528 528 528 528 540 540 524 524 524 524 524 523 523 523 549 549 549 523 523 523 523 504 504 504 566 566 566 566 566 566 566 566 566 566 566
518 518 518 518 518 547 547 547 547 547 547 547 547 547 547 499 499 499 499 499 499 499 499 539 539 539 539 539 539 539 539 539 539 520 520 520 520 520 520 520 520 520 520 520 520 520 520 520 520 520 520 527 527 527 527 527 573 528 528 528 528 528 528 540 540 540 524 524 524 524 524 551 551 549 549 549 549 549 549 549 566 566 566 566 566 566 566 566 566 566 566 566 566 541
518 518 518 518 547 547 547 547 547 547 547 547 547 547 547 547 499 499 499 499 499 499 539 539 539 539 539 539 539 539 539 539 539 520 520 520 520 520 520 520 520 555 520 520 520 520 520 520 520 520 527 527 527 527 527 527 573 528 528 528 528 528 528 540 540 540 540 524 524 524 551 551 551 549 549 549 549 549 549 549 566 566 566 566 566 566 566 566 566 566 566 541 541 541
518 518 518 518 547 547 547 547 547 547 547 547 547 547 547 547 547 547 547 547 499 539 539 539 539 539 539 539 539 539 539 539 539 539 520 520 520 555 555 555 555 555 520 520 555 520 520 520 520 520 527 527 527 527 527 527 573 573 573 528 528 528 528 528 540 540 540 540 524 524 551 551 551 549 549 549 549 549 549 549 549 566 566 566 566 566 566 566 541 541 541 541 548 548
518 518 518 518 518 547 547 547 547 547 547 547 547 547 547 547 547 547 547 547 547 547 539 539 539 539 539 539 539 561 539 539 539 539 520 520 520 555 555 555 555 555 520 520 555 520 520 520 520 520 527 527 527 527 527 527 573 573 573 528 528 528 528 528 528 540 540 540 524 524 551 551 549 549 549 549 549 549 549 549 549 566 566 566 566 566 566 541 541 541 541 541 541 541
518 518 518 518 547 547 547 547 547 547 547 547 547 547 547 547 547 547 547 547 547 547 539 539 539 539 539 561 561 561 539 539 539 539 520 520 555 555 555 555 555 555 520 520 555 520 520 520 520 527 527 527 527 527 527 565 573 573 528 528 528 528 528 528 528 540 540 540 524 551 551 551 549 549 549 549 549 549 549 549 549 566 566 566 566 566 566 541 541 566 566 566 566 541
518 518 518 518 567 547 547 547 547 547 547 547 547 547 547 547 547 547 547 547 547 547 547 561 561 561 561 561 561 561 539 539 539 520 520 520 555 555 555 555 555 555 555 555 555 520 520 520 520 527 527 527 527 527 527 565 573 528 528 528 528 528 528 528 528 528 540 540 551 551 551 551 551 549 549 549 549 549 549 549 549 566 566 566 566 566 566 541 566 566 566 566 566 566
518 567 567 567 567 547 547 547 547 547 547 547 547 547 547 547 547 547 547 547 547 547 569 561 561 561 561 561 539 539 539 539 539 520 520 520 520 555 555 555 555 555 555 555 520 520 520 520 520 527 527 527 565 565 527 565 573 528 528 528 528 528 528 528 528 528 540 540 540 551 551 551 551 551 549 549 549 549 549 549 549 566 566 566 566 566 566 566 566 566 566 566 566 566
567 567 567 567 567 547 547 547 547 547 547 547 547 547 547 547 547 547 547 547 547 547 569 569 561 561 561 561 561 539 539 539 539 520 520 520 520 520 555 555 555 555 555 520 520 520 520 520 520 527 527 527 565 565 565 565 573 528 528 528 573 528 528 528 528 528 540 540 540 540 551 551 551 551 549 549 549 549 549 549 549 549 566 566 566 566 566 566 566 566 566 566 566 566
567 567 567 567 567 547 547 547 547 547 547 547 547 547 547 547 547 547 547 547 547 569 569 569 569 569 561 561 561 561 539 539 539 520 520 520 555 555 555 555 555 555 520 520 520 520 520 520 527 527 527 527 565 565 565 573 573 528 528 573 528 528 528 528 528 528 528 540 540 540 551 551 551 551 551 549 549 549 549 549 549 549 566 566 566 566 566 566 566 566 566 566 541 541
567 567 567 567 567 547 547 547 547 547 547 547 547 547 547 547 547 547 547 547 547 569 569 569 569 569 569 561 561 561 539 539 539 539 539 520 520 555 555 555 555 520 520 520 520 520 520 527 527 527 527 527 565 565 565 573 573 528 573 573 528 528 528 528 528 528 528 540 540 540 551 551 551 551 549 549 549 549 549 549 549 549 566 566 566 566 566 566 566 566 566 566 566 566
567 567 567 567 567 547 547 547 547 547 547 547 547 579 579 579 579 579 579 547 579 579 579 579 579 569 569 561 561 539 539 539 539 539 539 520 520 555 555 555 555 520 520 520 520 520 520 527 527 527 527 527 565 565 565 573 573 573 573 528 528 528 528 528 528 528 528 540 540 540 551 551 551 551 551 549 549 549 549 549 549 549 549 566 566 566 566 566 566 566 566 566 566 566
567 567 567 581 581 581 547 547 547 547 547 547 579 579 579 579 579 579 579 579 579 579 579 579 579 569 569 561 561 539 539 539 539 539 539 520 520 555 555 555 520 520 520 520 520 520 527 527 527 527 565 565 565 565 565 573 573 573 573 528 528 528 573 528 528 528 528 540 540 540 551 551 551 551 549 549 549 549 549 549 549 549 549 566 566 566 566 566 566 566 566 566 566 566
581 581 581 581 581 581 581 547 547 547 547 579 579 579 579 579 579 579 579 579 579 579 579 579 579 569 569 561 561 539 539 561 561 561 561 555 555 555 555 555 555 555 520 520 520 520 527 527 527 527 565 565 565 565 565 573 573 573 573 573 573 573 573 528 528 528 528 540 540 540 540 551 551 551 549 549 549 549 549 549 549 549 549 566 566 566 566 566 566 566 566 566 566 566
581 581 581 581 581 581 581 581 547 579 579 579 579 579 579 579 579 579 579 569 579 579 579 579 569 569 569 561 561 539 539 561 561 561 561 555 555 555 555 555 555 520 520 585 585 585 527 527 527 527 565 565 565 565 565 573 573 573 573 573 573 573 528 528 528 528 586 540 540 540 540 551 551 551 549 549 549 549 549 549 549 549 549 566 566 566 566 566 566 566 566 566 566 566
581 581 581 581 581 581 581 581 579 579 579 579 579 579 579 579 579 579 569 569 579 579 579 569 569 569 569 561 561 539 539 561 561 561 561 555 555 555 555 555 555 555 585 585 585 585 585 585 585 527 527 527 565 565 565 573 573 573 573 573 573 528 528 528 528 586 586 586 586 586 586 551 551 551 551 551 549 549 549 549 549 549 549 566 566 566 566 566 566 566 566 566 566 541
581 581 581 581 581 581 581 581 579 579 579 579 579 579 579 579 579 569 569 569 569 569 569 569 569 569 569 561 561 539 539 561 561 561 561 561 555 555 555 555 555 555 585 585 585 585 585 585 585 527 527 527 565 565 565 573 573 573 573 573 528 528 528 528 586 586 586 586 586 586 586 551 551 551 551 551 551 549 549 549 549 549 566 566 566 566 566 566 566 566 566 566 566 541
581 581 581 581 581 581 581 579 579 579 579 579 569 569 579 569 569 569 569 569 569 569 569 569 569 595 595 561 561 561 561 561 561 561 561 561 555 555 555 555 555 585 585 585 585 585 585 585 585 527 527 527 565 565 565 573 573 573 528 528 528 528 528 586 586 586 586 586 586 586 586 551 551 551 551 549 549 549 549 549 549 566 566 566 566 566 566 566 566 566 566 566 566 541
581 581 581 581 581 581 579 579 579 579 579 579 569 569 569 595 595 595 595 595 595 595 595 595 595 595 595 595 595 561 561 561 561 561 561 561 555 555 555 555 555 585 585 585 585 585 585 585 585 527 527 565 565 565 565 573 573 573 528 528 528 528 586 586 586 586 586 586 586 586 586 551 551 549 549 549 549 549 549 549 566 566 566 566 566 566 566 566 566 566 566 566 566 541
581 581 581 581 581 581 579 579 579 579 579 579 569 569 569 601 601 595 595 595 595 595 595 595 595 595 595 595 595 595 561 561 561 561 561 561 555 555 555 555 555 585 585 585 585 585 585 585 527 527 527 565 565 565 565 573 573 573 573 528 528 528 586 586 586 586 586 586 586 586 551 551 551 549 549 549 549 549 549 566 566 566 566 566 566 566 566 566 566 566 541 541 541 548
581 581 581 581 581 579 579 579 579 579 579 579 569 569 601 601 601 601 595 595 601 595 595 595 595 595 595 595 595 595 595 595 561 561 561 561 555 555 555 555 585 585 585 585 585 585 585 585 527 527 565 565 565 565 565 573 573 573 573 528 528 586 586 586 586 586 586 586 586 586 549 549 549 549 549 549 549 549 566 566 566 566 566 566 566 566 566 566 566 566 541 548 548 548
581 581 581 581 581 579 579 579 579 579 579 579 569 601 601 601 601 601 601 595 601 601 595 595 595 595 595 595 595 595 595 595 595 595 595 595 599 599 599 599 585 585 585 585 585 585 585 585 585 565 565 565 565 565 573 573 573 573 573 528 586 586 586 586 586 586 586 586 586 586 549 549 549 549 549 549 549 566 566 566 566 566 566 566 566 566 566 566 566 541 541 548 548 548
581 581 581 581 581 579 579 579 579 579 579 579 601 601 601 601 601 601 601 601 601 601 601 595 595 595 595 595 595 601 595 595 595 595 595 595 599 599 599 599 599 585 585 585 585 585 585 585 585 565 565 565 565 565 573 573 573 573 528 528 586 586 602 602 602 586 586 586 586 586 549 549 549 549 549 549 549 566 566 566 566 566 566 566 566 566 566 566 566 541 548 548 548 548
581 581 581 581 604 579 579 579 579 579 579 601 601 601 601 601 601 601 601 601 601 601 595 595 595 595 595 601 601 601 595 595 595 595 595 595 599 599 599 599 599 585 585 585 585 585 585 585 585 565 565 565 565 565 573 573 573 573 528 586 586 586 602 602 602 586 586 586 586 549 549 549 549 549 549 549 549 566 566 566 566 566 566 566 566 566 566 566 541 541 548 548 548 605
604 604 604 604 604 604 601 601 601 601 601 601 601 601 601 601 601 601 601 601 601 595 595 595 595 595 595 601 601 601 595 595 601 601 595 599 599 599 599 599 599 585 585 585 585 585 585 585 585 585 565 565 565 565 573 573 573 573 528 586 586 586 602 602 586 586 586 586 586 549 549 549 549 549 549 549 549 549 566 566 566 566 566 566 566 566 566 541 541 548 548 548 605 605
604 604 604 604 604 604 601 601 601 601 601 601 601 601 601 601 601 601 601 601 601 595 595 601 601 601 601 601 601 601 595 601 601 601 601 601 599 599 599 599 599 585 585 585 585 585 585 585 585 585 565 565 565 573 573 573 573 528 528 602 602 602 602 602 586 586 586 586 586 549 549 549 549 549 549 549 549 549 566 566 566 566 566 566 541 541 541 541 548 548 548 548 605 605
604 604 604 604 604 604 604 601 601 601 601 601 601 601 612 612 601 612 612 601 601 601 601 601 601 601 601 601 601 601 601 601 601 601 601 601 599 599 599 599 599 585 585 585 585 585 585 585 585 585 565 565 565 573 573 573 573 573 528 602 602 602 602 586 586 586 586 586 586 549 549 549 549 549 549 549 549 549 549 566 566 566 566 566 566 566 541 548 548 548 548 548 605 605
604 604 604 604 604 604 604 601 601 601 601 601 601 601 612 612 612 612 612 601 601 601 601 601 601 601 601 601 601 601 601 601 601 601 601 601 599 599 599 599 599 585 585 585 585 585 585 585 585 585 565 565 565 573 573 573 573 573 573 602 602 602 602 586 602 586 586 586 586 549 549 549 549 549 549 549 549 549 549 566 566 566 566 566 566 566 566 566 548 548 548 548 605 605
604 604 604 604 604 614 614 614 601 601 601 601 615 615 612 612 612 612 612 612 601 601 601 601 601 612 612 612 601 601 601 601 601 601 601 599 599 599 599 599 599 599 599 585 585 585 585 585 585 585 565 565 565 573 573 573 573 573 602 602 602 602 602 602 602 602 586 586 586 549 549 549 549 549 549 549 549 549 549 566 566 566 566 566 566 566 566 566 566 566 548 548 605 605
604 604 604 604 614 614 614 614 601 601 601 615 615 612 612 612 612 612 612 612 612 612 601 601 612 612 612 612 612 612 612 601 601 601 599 599 599 599 599 599 599 599 599 599 585 585 585 585 585 585 565 565 565 573 573 573 573 573 602 602 602 602 602 602 602 586 586 586 586 549 549 549 549 549 549 549 549 549 549 566 566 566 566 566 566 566 566 566 566 566 566 566 605 605
604 604 604 604 614 614 614 614 615 615 615 615 615 612 612 612 612 612 612 612 612 612 612 612 612 612 612 612 612 612 612 612 612 612 599 599 599 599 599 599 599 599 599 599 599 585 585 585 585 585 585 585 573 573 573 573 573 573 602 602 602 602 602 602 620 620 620 620 620 549 549 549 549 549 549 549 549 549 549 566 566 566 566 566 566 566 566 566 566 566 566 566 605 605
604 604 604 604 604 614 614 615 615 615 615 615 615 612 612 612 612 612 612 612 612 612 612 612 612 612 612 612 612 612 612 612 612 612 599 599 599 599 599 599 599 599 599 599 599 599 585 585 585 585 585 585 585 573 573 573 573 602 602 602 602 602 602 602 638 620 620 620 620 620 620 549 549 549 549 549 549 549 549 549 566 566 566 566 566 566 566 566 566 566 566 566 605 605
604 604 604 604 604 614 614 615 615 615 615 615 615 612 612 612 612 612 612 612 612 612 612 612 612 612 612 612 612 612 612 612 612 612 612 599 599 599 599 599 599 599 599 599 599 599 599 585 585 585 585 585 585 573 573 573 573 602 602 602 602 602 602 638 638 638 620 620 620 620 620 549 549 549 549 549 549 549 549 549 566 566 566 566 566 566 566 566 566 566 566 566 605 605
604 604 604 604 604 614 614 615 612 612 612 615 612 612 612 612 612 612 627 627 612 612 612 612 612 612 627 627 612 627 612 612 612 612 612 628 628 628 599 599 599 628 628 599 599 599 599 599 585 585 585 585 585 573 573 573 573 602 602 602 602 602 638 638 638 638 638 620 620 620 620 549 549 549 549 549 549 549 549 549 549 566 566 566 566 566 566 566 566 566 566 566 566 566
604 604 604 604 614 614 615 615 615 612 612 612 612 612 612 612 612 612 627 627 627 627 627 612 612 612 627 627 627 627 627 627 612 612 612 628 628 628 628 628 628 628 628 628 599 599 599 599 599 599 585 585 585 573 573 573 602 602 602 602 602 638 638 638 638 638 620 620 620 620 620 620 620 549 549 549 549 549 549 549 549 566 566 566 566 566 566 566 566 566 566 566 566 566
604 604 614 614 614 615 615 615 615 612 612 612 612 612 612 612 612 612 627 627 627 627 627 612 612 627 627 627 627 627 627 627 628 628 628 628 628 628 628 628 628 628 628 628 628 599 599 599 599 599 599 599 599 602 602 602 602 602 602 602 602 638 638 638 638 620 620 620 620 620 620 620 620 620 549 549 549 549 549 549 549 566 566 566 566 566 566 566 566 566 566 566 566 606
604 604 614 614 615 615 615 612 615 612 612 612 612 612 612 627 627 627 627 627 627 627 627 627 627 627 627 627 627 627 627 627 628 628 628 628 628 628 628 628 628 628 628 628 628 628 628 599 599 599 599 599 599 602 602 602 602 602 602 602 638 638 638 638 620 620 620 620 620 620 620 620 620 620 549 549 549 549 549 549 566 566 566 566 566 566 566 566 566 566 566 566 566 606
604 604 614 614 615 612 612 612 612 612 612 612 612 612 612 627 627 627 627 627 627 627 627 627 627 627 627 627 627 627 627 627 628 628 628 628 628 628 628 628 628 628 628 628 628 628 628 628 628 628 599 599 599 602 602 602 602 602 602 638 638 638 638 638 620 620 620 620 620 620 620 638 620 620 620 549 549 549 549 549 566 566 566 566 566 566 566 566 566 566 566 566 566 566
604 604 614 615 615 612 612 612 612 612 612 612 612 612 612 612 612 612 612 612 612 612 627 627 627 627 627 627 627 627 627 628 628 628 628 628 628 628 628 628 628 628 628 628 628 628 628 628 628 628 599 599 599 602 602 602 602 638 638 638 638 638 638 638 638 620 620 620 620 620 638 638 638 620 620 620 549 549 549 549 657 657 657 657 566 566 566 566 566 566 566 566 566 566
614 614 614 615 612 612 612 612 612 612 612 612 612 612 612 612 612 612 612 612 612 612 612 627 627 627 627 627 627 627 627 628 628 628 628 628 628 628 628 628 628 628 628 628 628 628 628 628 628 628 628 628 628 602 602 602 602 638 638 638 638 638 638 638 638 620 620 620 620 638 638 638 638 620 620 549 549 549 549 549 657 657 657 657 566 566 566 566 566 566 566 566 566 566
614 614 615 615 612 612 612 612 612 612 612 612 612 612 612 612 612 612 612 612 612 612 612 612 612 612 627 627 627 627 627 628 628 628 628 628 628 628 628 628 628 628 628 628 628 628 628 628 628 628 628 628 628 642 602 602 638 638 638 638 638 638 638 638 638 620 620 620 620 638 638 638 638 620 620 549 549 549 549 549 657 657 657 657 566 566 566 566 566 566 566 566 566 566
614 614 615 615 612 612 612 612 612 612 612 612 612 612 612 612 612 612 612 646 646 646 646 646 612 612 627 627 627 627 627 642 642 642 628 628 628 628 628 628 628 642 642 642 642 642 642 642 642 628 628 642 642 642 642 602 638 638 638 638 638 638 638 638 638 620 638 638 638 638 638 638 638 620 620 620 549 549 549 549 549 657 657 566 566 566 566 566 566 566 566 566 566 566
