inst/extdata/hru_18dec2008__2200_rotated.asc
ncols         340
nrows         316
xllcorner     528502.52992
yllcorner     274871.653426
cellsize      100
NODATA_value  -9999
[rows 126 to 167 of 316, columns 94 to 187 of 340]
264 277 277 319 277 277 319 319 277 319 319 319 319 272 272 272 272 272 272 272 272 300 300 300 300 300 300 297 297 297 297 297 297 297 308 323 323 323 308 308 297 308 323 323 323 308 308 308 323 324 324 306 306 306 306 306 306 306 320 320 320 295 295 295 295 295 295 295 302 302 302 302 302 302 302 296 296 296 298 298 298 298 298 298 298 298 298 288 288 288 288 288 288 288
277 277 319 319 319 277 319 319 319 319 272 272 272 272 272 272 272 272 272 272 272 300 300 300 300 300 300 300 297 297 297 323 297 297 297 308 308 323 323 308 308 308 323 323 323 323 323 323 324 324 324 324 306 306 306 306 306 306 320 320 320 325 325 325 325 325 325 325 325 362 362 362 302 302 302 302 302 302 298 298 298 298 298 298 298 298 288 288 288 288 288 288 288 288
277 277 277 319 319 319 319 319 319 272 272 272 272 272 272 272 277 277 272 272 272 300 300 300 300 300 300 323 323 323 323 323 323 308 308 308 308 323 323 308 308 323 323 324 324 324 324 324 324 324 324 324 306 306 306 306 306 306 320 320 325 325 325 325 325 325 325 325 362 362 362 362 362 302 302 302 302 302 298 298 298 298 298 298 298 288 288 288 288 288 288 288 288 288
277 277 277 277 319 319 319 319 277 319 319 277 277 277 277 277 277 277 277 272 272 300 300 300 300 300 300 323 323 323 323 323 323 308 308 323 323 323 323 323 308 323 323 324 324 324 324 324 306 306 306 306 306 306 306 306 306 306 320 320 320 331 331 325 325 331 325 325 362 362 362 362 362 362 302 302 302 302 298 298 298 298 298 298 298 288 288 288 288 288 288 327 327 327
277 277 277 319 319 319 319 277 277 319 319 277 277 277 277 277 277 277 277 272 272 300 300 300 300 300 300 300 323 323 323 323 323 308 323 323 323 323 323 323 308 323 324 324 324 324 306 306 306 306 306 306 306 306 306 306 306 306 320 331 331 331 331 331 331 331 325 325 362 362 362 362 362 362 362 362 302 302 333 333 298 298 298 298 298 288 288 327 327 327 327 327 327 327
277 319 319 319 319 319 277 277 277 319 277 277 277 277 277 277 277 272 272 272 272 300 300 300 300 300 300 300 323 323 323 323 323 323 323 323 323 323 323 323 323 323 324 324 324 324 324 306 306 306 306 306 306 306 306 306 306 320 320 331 331 325 331 331 331 331 325 325 362 362 362 362 362 362 362 362 362 333 333 333 333 333 333 333 333 333 336 327 327 327 327 327 327 327
277 277 277 319 319 319 277 277 277 277 277 277 339 277 277 277 277 272 272 272 272 300 300 300 300 300 300 300 323 323 323 323 323 323 323 323 323 323 323 323 323 324 324 324 324 324 324 324 324 324 324 306 306 306 306 306 306 320 320 331 325 325 325 325 325 325 325 325 362 362 362 362 362 362 362 362 333 333 333 333 333 333 333 333 333 333 336 336 336 327 327 327 327 327
277 277 277 319 277 277 277 277 277 277 277 339 339 339 339 277 277 277 272 272 272 300 300 300 300 300 300 300 300 323 323 323 323 323 323 323 323 323 323 324 324 324 324 324 324 324 324 324 324 324 324 306 306 306 306 306 306 320 320 331 331 325 325 325 325 325 325 362 362 362 342 342 342 362 362 333 333 333 333 333 333 333 333 333 333 336 336 336 336 336 327 327 327 327
277 277 277 319 277 277 277 277 277 277 339 339 339 339 339 339 277 277 272 272 300 300 300 300 300 300 300 300 300 358 323 323 323 323 323 347 347 347 324 324 324 324 324 324 324 324 324 320 320 306 306 306 306 306 320 320 306 320 320 331 331 331 331 325 325 325 362 362 362 342 342 342 362 362 362 333 333 333 333 333 333 333 333 333 333 333 336 336 336 336 336 336 327 327
277 277 277 277 277 277 277 277 339 339 339 339 339 339 339 339 339 339 272 300 300 300 300 300 300 300 300 300 358 358 358 358 358 347 347 347 347 347 347 347 324 324 324 324 324 324 320 320 320 320 320 306 306 306 320 320 320 320 320 331 325 331 331 325 325 362 362 362 362 362 362 342 362 362 362 333 333 333 333 333 333 333 333 333 333 333 333 336 336 336 336 336 349 327
277 277 277 277 277 339 339 339 339 339 339 339 339 339 339 339 339 339 339 300 300 300 300 300 300 300 300 358 358 358 358 358 358 347 347 347 347 347 347 347 347 324 324 324 324 324 324 324 324 324 320 306 306 320 306 320 320 320 320 331 325 325 325 325 325 362 362 362 362 362 362 342 362 362 333 333 333 333 333 333 333 333 333 333 333 333 333 336 336 336 336 336 349 349
315 315 277 277 277 339 339 339 339 339 339 339 339 339 339 339 339 339 339 300 300 300 300 300 300 300 300 358 358 358 358 358 358 347 347 347 347 347 347 347 347 347 347 324 324 324 324 324 324 320 320 306 320 320 320 320 320 320 320 331 325 325 325 325 362 362 362 362 362 362 342 342 342 342 333 333 333 333 333 333 333 333 333 333 333 333 333 336 336 336 336 349 349 349
315 315 315 339 339 339 339 339 339 339 339 339 339 339 339 339 339 339 339 356 356 356 300 300 357 357 361 361 358 358 358 358 347 347 347 347 358 347 347 347 347 347 347 324 324 324 324 320 320 320 306 306 320 320 320 320 320 320 331 331 325 331 331 325 362 362 362 362 362 342 342 342 342 333 333 333 333 333 333 333 333 333 333 333 333 333 333 336 336 336 336 349 349 349
315 315 315 339 339 339 339 339 339 339 339 339 339 339 339 339 339 339 360 356 356 356 356 357 357 357 361 361 358 358 361 358 347 347 358 358 358 358 347 347 347 347 347 324 324 324 324 320 320 320 320 320 320 320 320 320 331 331 331 331 331 331 325 325 362 362 362 362 362 342 362 362 342 333 333 333 333 333 333 333 333 363 363 333 333 333 333 336 336 336 336 349 349 327
315 315 315 339 339 339 339 339 339 339 339 339 339 339 339 339 339 360 360 360 356 356 356 357 357 357 361 361 361 361 358 358 347 347 358 361 358 347 347 347 358 347 347 347 324 324 324 320 324 320 320 320 320 320 320 331 331 331 331 331 331 325 325 325 362 362 362 362 362 362 362 362 342 333 333 333 333 333 333 333 333 363 363 363 333 333 333 336 336 336 336 336 349 327
315 339 339 339 339 339 339 339 339 339 339 339 339 339 339 339 360 360 360 360 356 356 356 357 357 357 357 361 361 361 358 358 358 358 361 361 358 358 358 358 358 358 347 347 347 324 324 324 324 320 324 324 320 320 331 331 331 331 325 331 331 325 325 362 362 342 342 362 362 362 362 342 363 363 363 363 363 333 333 333 333 363 363 363 333 333 336 336 336 349 349 349 349 353
315 375 375 339 339 339 339 339 339 339 339 339 339 339 339 339 360 360 360 360 360 356 356 357 357 357 357 361 361 361 361 361 361 361 361 361 358 358 358 347 347 347 347 347 347 324 324 324 324 324 324 324 324 331 331 331 331 331 325 325 325 325 325 325 362 362 342 342 362 362 362 362 342 363 363 363 363 333 333 333 363 363 333 333 333 333 336 336 336 349 349 349 349 353
315 375 375 339 339 339 339 339 339 339 339 339 339 339 339 360 360 360 360 360 360 356 356 357 357 357 357 361 361 361 361 361 361 358 358 358 358 347 347 347 347 347 347 347 347 347 324 324 324 324 324 324 331 331 331 331 331 331 325 325 325 325 325 325 362 362 362 342 342 342 362 342 342 363 363 363 333 333 333 333 363 363 333 333 333 333 336 336 336 336 336 349 349 353
352 375 375 339 339 339 339 339 339 339 339 339 339 339 339 360 360 360 360 360 360 356 356 357 357 357 357 357 361 361 361 361 358 358 358 358 358 358 358 358 347 347 347 347 347 347 347 347 324 324 324 331 331 331 331 331 325 331 331 325 325 325 325 325 362 362 362 342 342 342 362 362 342 363 333 333 333 333 333 363 363 363 333 333 333 336 336 336 336 336 336 349 349 353
352 375 375 339 339 339 339 339 339 339 339 339 339 382 360 360 360 360 360 360 360 356 356 357 357 357 357 383 383 361 361 361 361 358 361 361 358 358 358 358 358 347 347 347 347 347 347 384 384 384 331 331 331 331 325 325 325 325 325 325 325 325 325 325 325 362 342 342 342 342 342 342 342 363 333 333 333 363 363 363 363 363 333 333 336 336 336 336 336 336 336 349 349 349
352 375 375 375 339 339 339 339 339 339 339 339 382 382 360 360 360 360 360 360 356 356 356 357 357 386 383 383 383 383 361 361 361 361 361 358 358 358 347 347 347 347 347 347 347 384 384 384 384 384 331 331 331 325 325 325 325 325 325 325 325 325 325 325 325 362 362 362 342 342 342 342 342 363 333 333 333 363 363 363 363 333 333 333 336 336 336 336 336 349 349 336 349 349
375 375 375 375 375 339 339 339 339 339 339 339 339 382 360 360 356 356 356 356 356 356 357 357 357 386 386 383 383 383 361 361 361 361 358 358 358 358 347 347 347 347 347 347 384 384 384 384 384 384 331 331 331 331 331 331 331 325 325 325 331 325 325 325 325 325 362 362 362 342 342 342 342 363 363 333 363 363 363 363 333 333 333 336 336 336 349 349 349 349 349 349 349 349
352 375 375 375 375 375 339 339 339 339 339 382 382 382 360 360 356 356 356 356 356 356 357 357 357 386 386 383 383 383 383 361 361 361 361 358 358 358 358 347 347 384 384 384 384 384 384 384 384 384 331 331 331 331 331 325 325 325 325 325 331 331 325 331 325 325 325 362 362 362 342 342 342 363 363 363 363 363 389 363 363 333 333 336 336 336 336 349 349 349 349 349 349 349
352 352 375 375 375 375 375 339 339 339 382 382 382 382 382 360 360 356 356 356 356 356 357 357 386 386 386 383 383 383 383 383 361 361 361 361 361 358 347 347 347 384 384 384 384 384 384 384 384 384 395 331 331 331 325 325 325 325 325 331 331 331 331 331 325 325 331 331 362 342 342 342 342 363 389 363 389 389 389 389 363 333 333 336 336 336 336 391 391 349 349 349 349 349
352 352 375 375 375 375 375 375 339 382 382 382 382 382 382 382 360 360 360 360 356 356 357 357 357 386 386 383 383 383 383 383 383 361 361 361 361 361 347 384 384 384 394 384 394 394 394 394 384 384 395 331 331 331 325 325 331 331 331 331 395 395 331 395 331 331 395 331 362 362 342 342 342 389 389 389 389 396 396 396 389 389 397 397 397 336 336 391 391 391 391 391 349 349
352 352 375 375 375 375 375 375 375 382 382 382 382 382 382 382 382 360 360 360 356 356 357 386 386 386 386 386 383 383 383 383 383 383 361 361 361 361 384 384 384 394 394 394 394 394 394 384 384 429 429 395 395 331 331 331 395 395 331 331 395 395 395 395 395 331 395 331 331 331 362 342 342 389 389 389 389 396 396 396 396 396 397 397 397 397 336 391 391 391 391 391 391 391
375 375 375 352 352 375 375 375 382 382 382 382 382 382 382 382 382 382 382 360 356 357 357 357 386 386 386 386 383 383 383 383 383 383 361 361 361 361 394 394 394 394 394 394 394 394 394 384 384 384 384 429 395 331 331 395 395 395 395 395 395 395 395 395 395 331 331 395 395 331 342 342 342 342 389 389 389 396 396 396 396 396 397 397 397 397 391 391 391 391 391 391 391 391
352 375 352 352 352 375 375 382 382 382 382 382 382 382 382 382 360 360 360 360 356 357 357 357 357 386 386 386 383 383 383 383 383 383 407 361 361 394 394 394 394 394 394 394 394 394 394 394 394 384 384 429 395 395 395 395 395 395 395 395 395 395 395 395 395 395 395 395 395 331 342 342 342 389 389 389 396 396 396 396 396 397 397 397 397 391 391 391 391 408 408 391 408 391
352 352 352 352 352 375 375 382 382 382 382 382 382 382 382 382 382 360 360 356 356 357 357 357 357 386 386 386 383 383 383 383 383 383 407 410 410 410 410 394 394 394 394 394 394 394 394 394 394 394 384 429 429 429 429 429 429 395 395 395 395 411 411 411 411 411 411 411 395 331 342 342 342 389 389 389 389 396 396 396 396 397 397 397 397 391 391 391 391 398 408 391 408 408
352 352 352 352 352 352 375 382 382 382 382 382 382 360 382 382 382 360 360 356 357 386 386 386 386 386 386 386 383 383 383 414 407 407 407 407 410 410 410 410 394 394 394 394 394 394 394 394 394 384 429 429 429 429 429 429 429 429 395 411 411 411 411 411 411 411 411 411 395 331 331 389 389 389 389 389 389 396 396 396 397 397 397 397 391 391 391 391 415 398 398 408 408 398
352 352 352 352 352 352 375 375 382 360 360 382 382 360 360 360 360 360 356 357 357 386 386 386 386 386 386 386 383 383 383 414 414 407 407 407 410 410 410 410 410 410 410 394 394 394 394 394 394 394 384 429 384 429 384 384 429 429 429 411 411 389 411 411 411 389 389 389 389 389 389 389 389 389 389 389 396 396 396 397 397 397 397 397 397 391 391 391 415 398 398 398 408 398
406 352 352 352 352 352 352 352 375 360 360 360 360 360 360 356 356 356 356 357 386 386 386 386 386 386 386 386 383 383 383 414 414 407 407 410 410 410 410 410 410 410 410 410 423 394 394 394 394 394 394 384 384 384 384 384 384 429 429 411 411 389 389 389 389 389 389 389 389 389 389 389 389 389 389 389 396 396 396 397 397 397 397 397 397 391 391 391 415 398 398 398 398 398
406 406 352 352 352 352 352 352 375 427 427 360 360 360 360 427 427 356 356 357 386 386 386 386 386 414 414 414 414 414 383 414 414 407 407 410 410 410 410 410 410 410 410 423 423 423 423 423 394 394 384 384 384 384 384 384 384 384 429 411 389 389 389 389 389 389 389 389 389 389 389 389 389 389 389 396 396 396 397 397 397 397 397 397 428 391 391 391 415 398 398 398 398 398
406 406 406 352 352 352 352 352 375 427 427 427 427 427 427 427 427 356 356 357 357 386 386 386 386 414 414 414 414 414 414 414 414 414 407 410 410 410 410 410 410 423 423 423 423 423 423 423 423 384 384 384 384 384 384 384 429 384 429 411 389 389 389 389 389 389 389 389 389 389 389 389 389 389 389 396 396 397 397 397 397 397 397 428 428 428 391 391 415 398 398 398 398 398
406 406 406 352 352 352 352 352 375 375 427 427 427 427 427 427 427 356 356 357 357 386 386 386 386 414 414 414 407 407 407 407 407 407 407 410 410 410 410 423 423 423 423 423 423 423 423 423 423 384 384 384 384 429 429 429 429 429 429 411 411 389 389 389 389 389 389 389 389 389 389 389 389 389 396 396 397 397 397 430 430 397 397 428 428 428 415 415 391 415 398 398 398 398
406 406 406 352 352 352 352 352 352 375 427 427 427 427 427 427 356 356 356 357 357 386 386 386 386 414 414 414 414 414 414 407 407 407 407 407 410 410 410 423 423 423 423 423 423 423 423 423 423 423 384 384 384 384 429 429 429 429 411 411 389 389 389 389 389 389 389 396 389 389 389 389 396 396 396 397 397 397 397 430 430 397 428 430 428 442 442 415 391 415 398 398 398 398
406 406 406 406 406 352 352 352 352 375 427 427 427 427 427 427 356 356 357 386 386 386 386 386 386 414 414 414 414 414 407 414 407 407 407 407 410 410 410 410 423 423 423 423 423 423 423 423 423 423 384 384 384 384 429 429 429 429 411 411 389 389 389 389 389 389 396 396 396 396 396 396 396 396 397 397 397 397 430 430 428 397 428 430 430 442 442 442 415 415 415 415 398 398
406 406 406 406 406 406 406 406 352 375 427 427 427 427 427 427 356 356 357 357 386 386 386 386 414 414 414 414 414 414 414 414 407 414 407 407 410 410 410 410 423 423 423 423 423 423 423 423 423 423 423 384 384 384 429 429 429 411 411 411 411 389 389 389 396 396 389 389 396 396 396 396 396 397 397 430 430 430 430 430 428 397 428 430 430 430 430 442 415 415 415 415 398 415
426 426 406 406 406 406 426 426 426 375 427 427 427 427 427 427 427 356 386 386 386 386 386 386 386 386 414 414 414 414 414 414 414 414 407 407 407 410 410 410 423 423 423 423 423 423 423 423 423 423 423 384 384 384 429 429 411 411 411 411 389 389 389 389 389 389 389 389 389 389 389 389 397 397 397 430 430 430 430 430 428 428 428 430 430 430 430 442 442 442 415 415 415 415
426 426 426 426 426 426 426 426 427 427 427 427 427 427 427 427 427 386 386 386 386 386 386 386 386 386 414 414 414 414 414 414 414 414 414 414 407 410 410 410 410 423 423 423 423 423 423 423 423 423 423 384 384 384 429 429 411 411 389 389 389 389 389 389 389 389 389 389 389 389 440 389 397 397 430 430 430 430 430 430 428 428 428 428 430 430 430 442 442 442 415 415 415 415
422 422 426 426 426 426 426 427 427 427 427 427 427 427 427 427 427 386 386 386 386 386 386 386 386 386 414 414 414 414 414 414 414 414 414 414 407 410 410 410 423 423 423 423 423 423 423 423 423 423 423 423 423 384 384 411 411 411 389 389 389 389 389 389 389 389 440 440 389 389 440 389 397 397 430 430 430 430 428 428 428 428 428 428 430 430 430 442 442 442 442 442 415 415
439 422 422 422 422 427 427 427 427 427 427 427 427 427 427 427 427 427 386 386 386 386 386 386 386 386 414 414 414 414 414 414 414 414 414 414 407 410 410 423 423 423 423 423 423 423 423 423 423 423 423 423 423 423 423 411 411 411 389 389 389 389 389 389 440 440 440 440 389 389 440 389 397 397 430 430 430 430 428 428 428 428 428 430 430 430 430 442 442 442 442 442 415 415
