inst/extdata/hru_18dec2008__2200_rotated.asc
ncols         340
nrows         316
xllcorner     528502.52992
yllcorner     274871.653426
cellsize      100
NODATA_value  -9999
[rows 168 to 209 of 316, columns 0 to 93 of 340]
435 435 435 435 435 435 435 436 436 436 436 436 436 436 436 436 425 425 425 425 425 425 425 444 444 444 444 418 418 444 444 418 418 433 433 433 433 419 419 419 419 419 419 419 419 419 445 373 373 373 373 373 373 373 431 431 431 431 431 421 421 421 421 421 421 421 421 421 421 462 462 462 409 409 409 409 409 439 439 422 439 439 439 439 439 422 422 439 439 439 439 439 439 439
435 435 435 435 435 435 435 435 436 436 436 436 436 436 436 425 425 425 425 425 425 425 461 461 444 444 444 444 444 444 444 418 418 418 433 433 419 419 419 419 419 419 419 419 419 419 419 445 373 457 457 457 457 431 431 431 431 431 431 421 421 421 421 421 421 421 421 421 462 462 462 462 462 489 409 409 409 409 439 439 439 439 439 439 439 439 439 439 439 439 439 439 439 439
435 435 435 435 435 435 435 435 436 436 436 436 436 436 451 425 425 425 425 425 425 425 461 461 444 444 444 444 444 444 444 418 418 418 418 433 433 419 419 419 419 419 445 445 445 445 419 445 457 457 431 457 457 457 431 431 431 421 421 421 421 421 421 421 421 421 421 462 462 462 462 462 462 489 489 409 409 409 409 439 439 439 439 439 439 439 439 439 439 439 439 439 439 439
435 435 435 435 435 435 435 436 436 436 436 436 451 451 451 451 425 467 467 425 425 425 461 461 444 444 444 444 444 444 444 444 418 418 418 433 433 419 419 419 419 419 445 445 445 445 445 445 457 431 431 431 457 457 431 431 421 421 421 421 421 421 421 421 421 421 462 462 462 462 462 462 462 489 489 489 409 409 409 409 439 439 439 439 439 439 439 439 439 439 439 439 439 439
435 435 435 435 436 436 436 436 436 436 436 436 451 451 451 451 467 467 467 425 425 425 461 461 444 444 444 444 444 444 444 444 444 418 418 433 433 433 419 419 419 419 419 419 419 419 445 457 457 431 431 431 431 431 431 431 457 421 421 421 421 421 421 421 421 421 462 462 462 462 462 462 462 489 489 489 489 409 409 409 409 439 439 439 439 439 439 439 439 439 439 439 422 439
435 435 435 435 436 436 436 436 436 436 436 451 451 451 451 451 467 467 467 459 425 425 461 461 461 461 444 444 444 444 444 444 444 418 418 418 433 433 419 419 419 419 419 419 419 445 445 445 457 457 457 457 431 431 457 457 457 457 421 421 421 421 421 421 421 462 462 462 462 462 462 462 489 489 489 489 489 489 409 409 409 409 439 439 439 439 439 439 439 439 439 439 422 422
460 435 435 436 436 436 436 436 436 436 436 451 451 451 451 451 467 467 467 467 459 459 461 461 461 461 444 444 444 461 444 444 444 418 418 418 433 433 433 433 419 419 419 419 419 419 445 445 457 457 457 431 431 457 457 457 457 457 421 421 421 421 421 421 421 462 462 462 462 462 462 462 489 489 489 462 462 489 489 409 409 409 409 439 439 439 439 439 439 439 422 422 439 439
460 460 460 436 436 436 436 436 436 436 436 451 451 451 451 451 451 467 467 467 467 459 461 461 461 444 444 444 444 461 444 444 444 444 418 418 433 433 433 433 419 419 419 419 419 419 445 445 445 457 457 431 457 457 457 457 457 457 457 421 421 421 421 421 462 462 462 462 462 462 462 489 489 489 462 462 462 462 489 409 409 409 409 409 439 439 439 439 439 422 422 439 439 439
460 460 460 460 460 460 460 436 436 436 451 451 451 451 451 451 467 467 467 467 467 459 459 461 461 461 461 461 461 461 461 461 461 444 418 418 433 433 419 419 419 419 419 419 419 419 445 445 445 457 457 457 457 457 457 457 457 457 457 421 421 421 421 421 462 462 462 462 462 462 462 489 489 489 462 462 462 462 489 489 409 409 409 409 439 439 439 439 439 422 422 439 439 439
460 460 460 460 460 460 460 460 460 436 451 451 451 451 451 451 467 467 467 459 459 459 459 459 461 459 461 461 461 461 461 461 461 461 418 418 433 419 419 419 419 419 419 445 445 419 419 445 445 445 457 457 457 457 457 457 457 457 457 421 421 421 421 462 462 462 462 462 462 462 462 489 489 462 462 462 462 462 489 489 489 409 409 439 439 439 439 439 439 422 439 439 422 422
460 460 460 460 460 460 460 460 460 460 451 451 451 451 451 451 467 467 467 467 459 467 467 459 459 459 461 461 461 461 461 461 461 461 418 418 433 433 419 419 419 419 445 445 445 445 445 419 445 445 445 457 457 457 457 457 457 457 457 457 421 421 421 462 462 462 462 462 462 462 462 489 489 462 462 462 462 462 489 489 489 409 409 409 439 439 439 439 439 439 439 439 422 422
460 460 460 460 460 460 460 460 460 451 451 451 451 451 451 451 467 467 467 467 467 467 467 467 459 459 461 461 461 461 461 461 461 418 418 418 433 419 419 419 419 419 419 445 445 445 445 445 445 445 445 445 457 457 457 457 457 457 471 471 471 471 421 462 462 462 462 462 462 462 462 489 489 462 462 462 462 462 462 489 489 489 409 409 409 439 439 439 439 439 439 439 439 439
460 460 460 460 460 460 460 460 460 451 451 451 451 451 451 467 467 467 467 467 467 467 467 467 459 459 461 461 461 461 461 461 418 418 418 433 433 419 445 445 445 445 445 445 445 445 445 445 445 445 445 457 457 457 457 457 471 471 471 471 471 471 471 462 462 462 462 462 462 462 462 462 489 462 462 462 474 462 462 489 489 489 489 409 409 409 409 439 439 439 439 439 439 439
460 460 460 460 460 460 460 460 451 451 451 451 451 451 451 467 467 467 467 467 467 467 467 467 467 459 461 461 461 461 461 461 418 418 418 433 419 419 419 419 419 419 445 445 445 445 445 445 445 445 445 457 457 457 457 457 457 457 457 471 471 471 471 462 462 462 462 462 462 462 462 462 462 462 462 474 474 462 462 462 462 489 489 409 409 409 439 439 439 439 439 439 439 439
460 460 460 460 460 460 460 451 451 451 451 451 451 451 451 467 467 467 467 459 459 459 467 467 467 459 459 461 461 461 461 461 418 418 418 433 433 419 419 419 419 419 445 445 445 445 445 445 445 445 445 457 457 457 457 457 457 457 471 471 471 471 471 462 462 462 462 462 462 462 462 462 462 462 462 474 474 462 462 462 462 489 489 409 409 409 439 439 439 439 439 439 439 439
460 460 460 460 460 460 460 451 451 451 451 451 451 451 451 467 467 467 467 467 459 459 467 467 459 459 461 461 461 461 461 461 418 418 418 418 418 419 419 419 419 419 419 419 445 419 419 419 419 445 445 457 457 471 471 457 471 471 471 471 471 471 471 462 462 462 462 462 462 462 462 462 462 462 462 474 474 474 474 474 462 462 489 409 409 439 439 439 439 439 439 439 439 439
460 460 460 460 460 460 460 451 451 451 451 451 451 451 451 467 467 467 467 467 459 459 459 467 459 461 461 461 461 461 461 461 418 418 418 418 418 419 419 419 419 419 419 419 419 419 419 419 419 445 457 457 457 471 471 471 471 471 471 471 471 471 471 462 462 462 462 462 462 462 462 462 462 462 462 474 474 474 474 462 462 462 489 409 409 439 439 439 439 439 439 439 439 439
460 460 460 460 460 460 484 484 451 451 451 451 451 451 451 467 467 459 459 459 459 459 459 459 459 459 485 485 485 461 461 461 461 418 418 418 418 418 419 419 419 419 419 419 419 419 419 419 419 445 457 457 457 471 471 471 471 471 471 471 471 471 486 486 462 462 462 462 462 462 462 462 462 462 474 474 474 474 462 462 462 462 489 409 409 439 439 439 439 439 439 439 439 439
460 460 460 460 484 484 484 484 484 451 451 451 451 451 467 467 467 459 459 459 459 459 459 459 459 485 485 485 485 485 461 461 461 461 418 418 418 488 488 488 419 419 419 419 419 419 419 419 419 419 471 471 471 471 471 471 471 471 471 471 471 486 486 486 486 462 462 462 462 462 462 462 462 462 462 474 462 462 462 462 462 489 489 489 489 489 439 489 489 489 439 439 439 439
460 460 460 460 484 484 484 484 484 451 451 451 451 467 467 467 467 459 459 459 459 459 459 485 485 485 485 485 485 485 485 461 461 461 418 418 490 488 488 488 488 419 419 419 419 419 419 419 419 419 471 471 471 471 471 471 471 471 471 471 486 486 486 486 486 486 462 462 462 462 462 462 462 474 462 474 462 462 462 462 462 489 462 489 489 489 489 489 489 489 489 439 439 439
460 460 460 484 484 484 484 484 484 451 451 451 451 467 467 467 467 467 459 459 459 485 485 485 485 485 485 485 485 494 485 485 485 485 490 490 490 488 488 488 488 419 419 419 419 419 419 419 419 419 471 471 471 471 471 471 471 471 471 486 486 486 486 486 486 486 486 462 462 462 462 462 462 474 474 474 474 462 462 462 462 462 462 462 489 489 489 489 489 489 489 489 439 439
460 460 484 484 484 484 484 484 484 451 451 451 467 459 459 459 467 467 459 459 485 485 485 485 485 494 494 485 485 494 494 494 494 494 490 490 490 488 488 488 488 419 419 419 419 419 419 419 419 471 471 471 471 471 471 471 471 471 486 486 486 486 486 486 486 486 486 462 462 462 462 462 462 474 474 474 474 462 462 462 462 462 462 462 462 489 489 489 489 489 489 489 489 439
460 484 484 484 484 484 484 484 484 451 451 467 467 459 459 459 459 459 459 485 485 485 494 494 485 485 494 494 485 485 494 494 494 494 490 490 490 488 488 488 488 419 419 419 419 419 419 419 419 471 471 471 471 471 471 471 471 486 486 486 486 486 486 486 486 486 486 486 462 462 462 462 474 474 474 474 474 474 474 474 474 462 462 462 462 462 489 489 489 489 489 489 489 439
484 484 484 484 484 484 484 484 484 451 451 467 459 459 459 501 459 459 459 497 485 485 485 494 494 494 494 494 494 485 494 494 494 494 490 490 490 488 488 488 488 488 419 419 419 419 419 419 419 419 471 471 471 471 471 471 471 486 486 486 486 486 486 486 486 486 486 486 486 462 474 474 474 474 474 474 474 474 474 474 474 462 462 462 462 462 489 489 489 489 489 489 489 489
484 484 484 484 484 484 484 484 451 451 451 467 459 459 501 501 459 501 501 497 485 485 485 485 485 494 494 494 494 494 494 494 494 502 502 490 490 490 488 488 488 488 488 419 419 419 419 419 419 419 471 471 471 471 471 471 486 486 486 486 486 486 486 486 486 486 486 486 486 474 474 474 474 474 474 474 474 474 474 474 474 462 462 462 462 462 489 489 489 462 462 489 489 489
484 484 484 484 484 484 484 484 451 451 467 459 459 459 501 501 501 501 497 497 497 485 485 494 485 494 494 494 494 494 494 494 502 502 502 490 490 490 488 488 488 488 488 419 419 419 419 419 419 419 419 471 471 471 471 486 486 486 486 486 486 486 486 486 486 486 486 486 486 486 474 474 474 474 474 474 474 474 462 474 474 462 462 462 462 462 462 489 462 462 462 489 489 489
484 484 484 484 484 484 484 451 451 467 467 459 501 501 501 497 497 497 497 497 485 485 494 494 494 494 494 494 494 494 494 502 502 502 490 490 490 490 488 488 488 488 488 419 419 419 419 419 419 419 419 471 471 471 471 486 486 486 486 486 486 486 486 486 486 486 486 486 486 486 474 474 474 474 462 462 474 474 462 462 462 462 462 462 462 462 462 462 462 505 462 489 489 489
484 484 484 484 484 484 484 451 451 459 459 459 501 501 501 497 497 485 485 485 485 494 494 494 494 494 494 494 494 494 502 502 502 502 490 490 490 490 488 488 488 488 488 419 419 419 419 419 419 419 419 419 471 471 486 486 486 486 507 507 507 507 507 507 486 486 486 486 486 486 474 474 474 462 462 462 462 462 462 462 462 462 462 462 462 462 462 462 505 505 462 489 489 489
484 484 484 484 484 484 484 459 459 459 501 501 501 501 497 497 497 485 485 494 494 494 494 494 494 494 494 494 494 502 502 502 502 502 490 490 490 490 490 488 488 488 488 419 419 419 419 419 419 419 544 544 544 544 486 486 486 507 507 507 507 510 510 507 507 486 486 486 486 486 474 474 474 462 462 474 474 474 474 462 462 462 462 462 462 505 462 505 505 505 505 489 489 489
484 484 484 484 484 484 459 459 459 459 501 501 497 497 497 497 497 497 485 485 494 494 494 494 494 494 494 494 494 502 502 502 502 502 490 490 490 490 490 488 488 488 488 419 419 419 419 419 419 544 544 544 544 544 511 511 511 511 507 507 510 510 510 507 507 507 507 507 507 474 474 474 474 474 462 474 474 474 474 462 462 462 462 462 462 505 505 505 505 505 505 489 489 489
484 484 484 484 484 459 459 459 459 501 501 501 497 497 497 497 497 497 485 485 494 494 494 494 494 494 494 494 502 502 502 502 502 502 490 490 490 490 490 488 488 488 488 419 419 419 419 419 544 544 544 544 544 544 511 511 511 511 511 510 510 510 510 507 507 507 507 507 507 474 474 474 474 474 474 474 474 474 462 462 462 474 474 474 513 505 505 505 505 505 505 505 505 489
484 484 484 484 459 459 459 501 501 501 501 497 497 497 485 485 485 485 485 494 494 494 494 494 494 494 494 502 502 502 502 502 502 543 543 490 490 490 490 488 488 488 488 419 419 419 419 550 544 544 544 544 544 544 511 511 511 511 511 510 510 510 510 510 507 507 507 507 507 507 474 474 474 474 474 474 462 462 462 462 474 474 474 513 505 505 505 505 505 505 505 505 505 505
484 484 484 484 459 459 459 501 501 501 497 497 497 497 497 485 485 485 494 494 494 494 494 494 494 502 502 502 502 502 502 502 502 543 543 490 490 490 490 488 488 488 488 419 419 419 550 550 544 544 544 511 544 544 511 511 511 511 544 510 510 510 510 510 510 507 507 507 507 507 507 474 474 474 474 474 462 462 474 474 474 505 513 513 505 505 505 505 505 505 505 505 505 505
484 484 484 501 501 459 459 501 501 501 497 497 497 497 485 485 494 494 494 494 485 485 494 494 502 502 502 526 526 502 502 502 530 530 543 543 490 490 490 488 488 488 488 550 550 550 550 550 544 544 511 511 511 511 511 511 511 511 544 510 510 510 510 507 510 510 510 510 507 507 507 507 474 474 474 474 462 474 474 474 513 513 505 505 513 505 505 505 505 505 505 505 505 505
484 484 501 501 501 501 501 501 501 497 497 497 497 485 485 485 494 494 485 485 485 485 494 502 502 502 526 526 526 502 502 530 530 530 543 543 490 490 490 488 488 488 488 550 550 550 550 544 544 511 511 511 511 511 511 511 511 544 544 510 510 510 510 510 507 507 510 510 510 507 507 507 474 474 474 474 474 474 474 513 513 513 505 505 505 505 505 505 505 505 505 505 505 505
484 484 501 501 501 501 501 501 497 497 497 497 497 485 485 485 494 485 485 485 485 494 494 502 502 526 526 526 526 526 502 526 530 543 543 543 490 490 490 490 488 488 488 550 550 550 550 544 544 544 544 544 544 544 511 511 511 544 544 510 510 510 510 510 510 507 507 507 507 507 507 507 507 474 474 474 474 474 513 513 513 505 505 505 505 505 505 505 505 505 505 505 505 505
484 484 501 501 501 501 501 501 497 497 485 485 485 485 485 485 485 485 485 485 485 494 494 502 526 526 526 530 530 526 526 526 530 543 543 490 490 490 490 490 488 488 488 550 550 550 550 550 544 544 544 544 544 511 511 511 544 544 544 510 510 510 510 510 510 507 507 507 507 507 507 507 507 474 474 474 474 474 513 513 513 513 505 505 505 505 505 505 505 505 531 531 531 531
534 534 534 501 501 501 501 497 497 497 497 497 497 497 497 497 497 497 485 485 494 494 502 526 526 530 530 530 530 530 530 530 530 543 543 543 490 490 490 490 490 488 488 488 550 550 550 550 550 544 544 544 511 511 511 544 544 544 544 510 510 510 510 510 510 510 507 507 507 507 507 507 507 537 474 474 474 474 513 513 505 513 513 505 505 505 505 531 531 531 531 531 531 535
536 536 536 534 534 534 574 497 497 497 497 497 497 497 497 497 497 497 485 485 494 502 502 526 526 530 530 530 530 530 530 530 530 543 543 543 543 543 490 490 490 490 490 490 550 550 550 550 544 544 511 511 511 511 511 544 544 544 544 510 510 510 510 510 510 510 507 537 537 537 507 537 507 537 537 474 474 474 513 513 513 505 505 505 505 505 531 531 531 531 531 531 535 535
536 536 536 536 536 534 574 497 497 497 497 497 485 485 485 485 485 485 485 494 494 502 502 502 502 526 526 526 530 530 530 530 543 543 543 543 543 543 543 490 543 490 490 490 550 550 550 550 544 544 511 544 544 511 511 544 544 550 550 510 510 510 510 510 510 510 507 507 537 537 537 537 537 537 537 474 513 513 513 505 505 505 505 505 505 505 531 531 531 531 531 531 535 535
536 536 536 536 536 534 534 574 574 497 497 497 485 485 485 485 485 494 494 494 494 526 526 502 502 502 502 526 530 530 530 530 530 543 543 543 543 543 543 543 543 543 490 490 550 550 550 550 544 544 544 544 544 511 544 544 550 550 550 550 507 507 507 510 510 510 507 507 537 537 537 537 537 537 537 513 513 513 513 505 505 505 505 505 505 531 531 531 531 531 531 535 535 535
536 536 536 536 536 536 536 534 574 574 497 497 497 497 497 485 485 485 494 494 526 526 526 502 502 502 526 526 526 526 530 530 530 530 530 543 543 543 543 543 543 543 490 490 550 550 550 550 544 544 544 544 544 511 544 544 550 550 550 507 507 507 507 507 510 510 507 507 537 537 537 537 537 537 537 513 513 505 505 505 505 505 505 505 531 531 531 531 531 531 531 535 535 535
