inst/extdata/SAGA_wetness_index_rotated.asc
NCOLS 340
NROWS 316
XLLCORNER 528502.529920
YLLCORNER 274871.653426
CELLSIZE 100.000000
NODATA_VALUE -99999.000000
[rows 128 to 159 of 316, columns 71 to 141 of 340]
15.513 16.207 14.111 13.364 12.912 13.760 14.981 14.535 13.904 13.483 14.568 14.550 15.092 15.577 14.418 15.330 15.005 15.152 15.746 15.047 15.875 15.225 16.084 15.437 15.348 15.732 16.464 17.485 17.338 18.390 18.085 18.419 19.229 19.286 18.422 18.607 18.242 18.119 17.930 17.777 18.014 18.678 19.793 21.393 21.715 20.236 18.367 16.687 17.082 17.441 17.692 17.100 16.429 16.490 15.617 15.974 16.068 16.122 15.796 15.540 16.066 15.938 16.124 16.782 15.913 15.657 16.141 15.490 15.720 14.997 15.055
16.360 14.429 13.630 12.613 13.492 13.902 14.804 14.461 13.017 13.575 13.941 14.250 14.556 14.775 14.363 14.552 14.299 15.088 15.239 15.452 15.305 15.585 15.105 15.492 16.588 15.849 16.140 16.927 18.632 17.318 16.982 17.615 18.190 17.945 17.091 16.740 16.489 16.157 16.624 18.034 17.469 18.246 19.481 21.145 21.680 20.308 18.777 17.171 16.592 16.857 16.198 16.500 18.015 16.166 16.308 15.601 15.873 15.298 15.146 15.433 15.477 16.397 15.767 16.118 15.533 16.656 15.386 14.423 14.347 14.293 14.715
15.532 13.935 12.807 13.748 12.970 13.657 13.988 13.091 12.906 13.260 13.759 14.654 14.240 14.490 14.353 14.934 13.882 14.595 14.669 14.871 15.154 15.649 15.874 15.981 15.707 16.097 16.614 17.479 17.264 16.400 16.803 17.065 17.716 16.548 15.835 15.400 16.766 16.985 16.736 17.273 18.064 19.119 20.536 21.575 21.663 20.616 19.417 17.901 17.139 16.299 17.120 15.974 16.299 17.535 17.285 15.876 15.364 14.851 15.096 14.916 15.292 15.488 15.386 15.090 15.275 15.925 14.503 13.999 13.775 14.497 15.384
14.847 13.367 14.468 12.721 12.838 13.809 13.401 13.103 13.103 13.959 14.589 14.543 14.951 14.463 14.528 15.082 13.887 13.903 14.452 14.711 16.030 15.205 15.688 16.468 17.315 17.047 17.283 17.743 16.497 16.446 17.704 16.740 16.906 15.685 15.169 16.469 16.359 16.795 17.557 18.021 19.077 20.572 21.232 21.806 21.800 20.907 20.093 19.029 17.644 16.863 16.211 16.868 16.767 16.459 16.981 16.987 15.674 15.722 15.735 15.539 16.050 15.617 14.760 14.753 15.975 14.826 13.981 13.648 14.598 14.208 14.729
14.329 15.322 13.207 13.136 14.098 14.247 13.717 14.011 14.293 14.621 15.508 14.792 15.102 14.539 15.677 14.513 14.642 14.194 14.094 14.528 15.167 15.762 15.513 15.858 16.279 16.499 16.512 16.357 16.092 16.281 16.816 16.204 15.671 15.238 15.749 16.976 16.739 16.961 17.218 17.646 18.611 19.764 20.716 21.592 21.750 20.987 20.784 19.346 18.295 16.962 16.992 16.644 15.887 16.458 16.222 16.327 16.470 15.678 15.059 14.761 14.587 15.427 16.537 15.286 14.806 14.217 13.844 13.611 13.410 13.919 14.926
14.339 13.263 14.170 15.060 14.978 14.514 14.198 14.680 15.415 15.984 15.384 15.802 14.901 16.188 14.482 14.130 14.128 14.300 15.004 14.306 14.959 15.460 15.947 16.031 15.796 15.803 16.957 15.589 15.633 16.368 15.652 15.617 14.989 15.504 15.800 17.399 16.829 17.131 17.354 17.893 18.505 19.413 20.486 21.357 21.547 20.618 19.258 18.305 17.509 17.276 16.773 16.202 16.146 14.974 14.967 15.165 14.803 14.802 14.439 14.407 14.106 14.390 15.135 16.332 14.977 14.382 13.900 13.402 13.925 15.427 15.344
16.053 15.882 16.053 16.926 16.328 15.465 15.613 16.002 16.592 16.607 16.256 15.780 16.012 15.260 14.517 14.621 14.734 14.406 14.069 14.341 14.379 15.404 15.793 15.227 15.656 16.027 15.553 15.271 15.761 14.860 14.995 14.926 15.442 15.961 16.952 15.843 16.192 17.048 17.834 18.462 19.281 20.250 21.012 21.202 21.182 20.534 18.934 17.828 17.699 16.979 16.459 15.485 14.609 14.507 14.334 14.261 14.961 15.038 14.959 14.631 14.680 14.421 14.588 15.323 15.183 14.797 14.368 15.118 14.419 14.274 14.844
17.941 17.498 17.534 17.388 17.556 17.581 17.212 17.771 17.887 17.005 16.900 16.704 16.305 15.321 15.087 14.696 14.269 14.249 15.627 14.324 14.481 15.157 15.585 16.141 14.954 15.049 14.701 15.006 14.647 14.518 14.719 15.425 16.080 16.217 16.751 16.031 16.224 16.471 16.848 17.303 18.256 19.622 20.908 21.559 21.416 20.988 20.092 18.715 17.979 17.672 16.900 15.753 14.815 15.492 15.377 14.419 14.231 14.626 14.343 14.599 14.902 14.932 15.298 15.164 15.778 15.171 14.644 14.275 14.061 14.544 15.897
18.111 16.924 15.948 15.507 15.381 15.281 15.449 15.992 16.173 15.770 15.586 15.638 15.573 16.193 15.318 15.245 15.070 14.661 14.488 14.950 14.990 15.376 16.371 15.106 14.731 14.279 13.969 14.153 14.291 15.000 16.174 17.154 16.530 16.904 16.023 16.806 17.008 17.015 16.908 16.863 17.399 18.761 20.657 21.846 21.642 21.400 21.188 20.118 19.807 18.910 17.509 16.281 14.898 14.590 14.729 14.669 15.037 14.882 15.207 16.200 15.985 15.671 15.697 16.005 16.488 15.535 14.504 14.358 14.907 14.662 14.989
17.135 15.970 14.688 14.299 14.261 14.603 14.709 14.876 15.026 14.867 14.583 14.416 14.503 14.519 14.830 15.663 15.355 15.041 14.855 14.606 14.339 14.446 14.750 14.718 14.478 13.868 14.017 13.967 14.911 16.377 15.416 16.118 16.166 15.863 15.428 16.231 16.396 16.101 16.439 16.878 17.901 18.799 20.161 21.792 21.662 21.429 21.678 21.224 19.542 18.516 17.738 16.338 15.497 15.775 16.181 16.361 15.515 16.627 15.846 15.794 15.851 15.568 16.039 15.393 15.488 15.775 15.065 14.876 15.039 15.986 15.625
16.455 16.174 16.918 15.619 15.092 15.344 16.050 15.895 15.284 15.302 15.368 15.215 14.841 14.334 13.970 14.148 14.956 15.145 14.890 14.714 15.239 14.276 14.406 13.740 13.314 13.974 14.721 15.042 15.603 15.215 15.877 15.135 16.169 15.591 17.317 15.702 16.352 16.660 17.465 18.022 18.722 19.702 21.015 21.850 21.654 21.529 21.598 21.636 20.836 18.983 17.595 16.825 17.381 16.067 16.568 15.902 16.845 15.403 15.756 16.376 16.034 16.104 16.026 14.784 14.547 15.185 15.464 14.806 14.733 14.899 14.893
17.466 16.586 15.893 15.892 16.322 16.541 16.491 16.210 16.866 16.845 15.955 16.148 15.904 15.351 15.537 13.807 13.767 14.865 14.241 14.757 14.111 14.822 13.886 13.753 13.804 13.613 14.355 14.947 15.064 15.182 15.633 15.271 15.223 16.644 15.986 16.656 17.145 18.059 18.573 19.574 19.974 20.774 21.684 21.211 21.576 21.625 21.706 21.825 21.738 20.934 18.992 17.625 17.055 16.707 15.774 16.183 15.676 15.456 15.909 17.372 16.058 15.508 15.072 14.531 14.335 14.360 15.002 14.385 14.981 15.396 15.924
19.349 18.362 17.453 17.363 17.581 18.298 17.137 16.529 16.153 16.748 15.882 15.947 15.887 15.331 14.799 15.317 13.805 13.836 14.355 13.819 15.235 14.109 13.603 13.625 13.407 14.411 14.917 14.875 15.265 15.675 15.755 16.252 16.233 16.402 17.029 17.641 18.314 19.454 19.980 20.401 21.073 21.304 20.626 19.689 20.754 21.530 21.801 20.939 21.722 21.727 20.770 19.186 17.906 16.744 16.472 15.735 15.778 16.187 16.864 16.074 16.249 15.161 14.593 14.971 14.058 14.195 15.044 14.881 14.776 15.121 15.429
19.731 20.462 19.428 18.597 18.778 17.808 17.433 17.459 16.527 16.551 16.410 16.194 16.033 15.898 15.204 14.815 14.607 13.914 14.372 14.374 13.911 14.065 13.974 13.277 14.179 15.040 15.115 15.423 15.845 15.852 16.413 17.055 17.132 17.920 18.279 18.469 20.004 20.460 19.909 19.802 19.722 20.175 19.359 19.143 19.403 20.876 20.843 20.912 20.476 21.546 21.697 20.021 18.261 17.829 17.050 16.906 16.953 17.751 17.293 16.576 15.709 15.779 15.746 14.597 14.252 13.724 14.295 16.016 15.046 15.213 15.106
17.964 18.196 19.165 20.755 19.881 18.674 17.692 17.398 17.572 17.025 17.294 17.402 16.408 15.299 14.842 15.368 14.756 14.348 14.231 13.898 13.892 14.141 13.481 13.780 14.280 15.843 15.356 15.646 15.340 16.225 16.460 16.233 16.083 16.659 17.172 17.844 18.095 19.158 18.501 18.330 18.647 19.277 18.841 19.526 18.896 20.037 20.778 20.343 20.342 20.541 21.521 20.621 19.550 18.258 18.106 18.492 18.734 17.252 16.858 16.323 15.649 15.085 14.830 14.414 14.082 14.568 14.342 14.855 16.015 15.310 15.202
15.935 16.222 17.189 18.579 20.748 19.954 18.858 18.464 18.903 17.785 16.565 15.782 15.325 15.131 15.447 15.184 15.051 14.155 14.641 14.009 14.284 14.566 13.936 13.751 14.229 14.771 15.714 15.254 16.283 16.127 17.110 15.311 16.092 15.482 16.554 16.550 17.535 17.394 17.007 16.926 17.778 18.552 18.347 18.975 18.652 19.681 21.412 20.186 20.457 20.173 21.107 21.699 20.596 19.732 19.211 17.730 16.946 16.520 16.143 16.455 16.842 16.091 15.226 15.141 15.149 14.566 14.777 16.182 15.986 16.129 15.818
15.376 14.479 15.419 17.020 18.634 20.798 20.130 18.794 17.556 16.552 15.718 15.252 15.521 16.057 15.524 15.020 14.335 15.638 14.288 14.494 14.731 14.056 13.678 13.656 13.601 15.091 15.477 15.654 15.566 15.696 15.712 15.810 14.997 16.188 15.584 16.782 17.273 16.483 16.297 16.452 16.798 17.696 17.900 17.976 18.302 19.800 21.203 19.706 19.570 19.536 20.246 20.980 21.658 21.047 18.593 17.403 16.867 16.604 15.891 15.784 16.243 15.611 14.812 14.311 14.505 15.072 15.600 16.073 14.798 15.474 15.256
15.243 15.285 14.349 15.650 17.295 19.196 20.005 18.441 17.095 15.875 15.772 16.049 15.457 15.177 15.155 14.870 14.524 14.087 14.553 14.742 14.214 13.869 13.802 13.074 13.718 14.854 15.342 15.172 15.390 15.323 15.269 15.581 15.398 15.201 16.275 16.650 16.839 16.771 16.323 16.493 16.703 17.108 18.377 17.379 18.326 20.111 20.206 18.960 18.959 18.684 18.832 19.094 20.681 21.519 19.376 17.808 17.032 16.395 16.852 15.798 15.226 14.959 14.660 14.710 14.384 14.699 15.629 14.383 14.438 15.262 14.848
15.769 15.478 15.120 14.337 16.016 17.570 19.464 19.098 17.284 15.904 15.539 15.428 15.400 15.588 15.222 15.783 14.857 14.325 14.328 14.883 14.017 14.557 13.767 13.262 13.380 14.309 15.658 16.062 15.253 15.208 15.030 14.903 15.507 15.317 16.223 16.593 16.109 16.340 15.763 15.790 16.428 17.279 17.115 17.525 18.963 20.793 19.480 18.451 18.637 18.240 17.803 17.975 18.993 20.780 20.726 19.179 18.036 17.366 16.080 15.573 15.413 14.847 14.899 14.472 15.186 15.333 14.545 14.396 14.925 14.734 14.693
15.597 15.551 15.345 14.021 14.597 16.606 18.342 19.856 18.397 16.962 16.244 16.207 16.488 16.589 15.324 14.570 14.366 14.777 16.011 14.553 14.367 14.580 13.478 13.125 13.647 14.042 14.594 15.424 15.742 15.016 14.781 15.043 14.959 16.314 16.397 15.810 16.343 15.156 15.891 16.715 17.022 17.441 17.763 18.540 20.154 20.725 19.181 18.283 17.986 18.218 18.190 17.426 18.066 19.993 21.223 20.462 18.886 17.547 16.513 16.336 15.555 15.076 15.056 15.813 14.734 14.674 14.768 15.116 15.907 14.682 14.809
14.085 14.933 15.402 14.082 13.965 16.059 17.733 19.641 19.631 18.370 17.522 17.379 16.562 15.755 15.040 15.120 16.155 15.227 14.704 14.478 14.825 14.645 13.886 13.275 13.269 13.879 14.256 14.434 15.075 15.213 14.859 15.085 15.343 17.075 16.861 15.503 14.582 15.197 16.247 17.271 18.573 18.690 19.083 19.849 20.267 19.938 18.855 18.213 17.781 17.874 17.547 17.152 17.320 18.408 20.277 20.941 20.194 18.256 17.096 16.138 16.414 15.082 14.939 15.211 15.082 14.955 15.356 15.484 15.712 14.788 15.141
14.887 14.122 14.708 14.033 14.007 15.860 16.881 18.004 19.345 19.690 18.669 17.515 16.742 15.872 15.478 15.579 14.700 14.808 14.743 15.016 16.398 14.830 14.798 13.863 13.042 13.073 13.877 14.691 14.884 15.882 15.419 15.204 16.043 15.541 15.442 15.402 15.115 14.730 15.409 16.343 17.352 17.783 18.063 19.244 19.912 19.795 18.476 17.588 17.420 16.842 16.409 15.965 15.908 16.756 18.045 19.888 20.841 20.060 18.158 16.959 16.104 15.820 15.593 15.033 15.281 15.488 16.101 15.680 15.753 15.577 15.265
13.599 13.956 14.181 14.127 14.152 15.000 16.123 16.958 18.075 19.129 19.309 18.546 17.289 16.383 15.524 15.403 15.275 15.288 16.426 15.115 14.430 14.369 14.218 13.953 13.103 12.835 13.792 14.593 14.269 14.635 15.922 15.650 15.404 15.603 15.194 14.665 14.431 14.661 14.550 15.205 16.031 16.452 16.995 18.023 19.794 19.613 18.425 17.625 16.530 16.476 16.397 14.979 15.016 14.989 16.333 17.568 19.168 20.936 19.514 17.922 16.284 15.775 14.931 15.270 15.519 16.565 16.575 16.490 16.738 16.751 16.045
14.810 14.025 15.145 14.559 13.767 14.521 15.553 16.585 17.413 17.694 17.624 18.406 19.143 17.959 16.811 16.216 16.477 16.433 15.091 14.692 15.207 15.238 14.332 13.620 13.005 13.483 13.117 13.081 13.913 14.255 14.793 15.873 15.673 15.218 15.440 14.727 14.960 15.202 14.850 14.893 15.004 15.671 16.150 17.298 19.009 18.612 17.777 17.442 17.408 16.216 15.793 15.711 16.005 15.297 15.370 16.616 17.792 19.304 20.657 18.357 17.048 16.073 15.830 16.225 16.662 17.805 17.364 18.083 17.863 16.996 15.857
14.684 13.991 14.176 14.641 14.026 14.252 15.476 16.038 16.981 16.446 16.771 17.221 17.101 17.093 18.725 17.667 17.499 16.164 15.259 14.895 14.563 14.259 13.891 13.936 14.150 12.895 12.733 13.152 13.257 13.910 14.706 14.866 15.470 15.617 15.246 14.989 14.464 14.337 14.452 14.775 15.401 15.472 15.756 17.096 18.987 18.526 17.342 16.976 17.410 16.685 16.039 16.024 15.112 14.895 15.363 16.407 17.962 18.935 20.548 20.384 18.262 17.487 17.668 17.520 18.638 18.931 18.752 19.032 18.563 17.448 16.408
14.570 13.926 13.665 14.011 14.092 13.933 14.800 15.595 15.671 15.705 16.210 16.651 15.967 16.151 16.877 17.632 16.575 16.710 15.630 15.179 14.610 13.874 14.001 13.551 13.268 13.054 14.729 13.447 13.201 13.669 14.794 14.242 14.338 14.729 14.529 13.859 14.270 13.715 13.879 14.684 15.448 15.591 16.332 17.793 19.402 18.985 17.845 16.581 15.921 16.046 16.872 15.512 15.296 15.344 16.498 17.574 17.743 18.648 19.371 20.864 20.770 18.896 18.582 18.787 19.147 19.329 19.523 19.529 19.228 18.319 17.228
15.200 14.359 13.951 14.217 16.046 13.518 13.975 15.391 14.679 15.410 15.700 15.988 15.827 15.722 16.290 16.406 15.996 15.312 15.902 16.159 15.293 14.506 14.462 14.505 14.184 14.397 13.815 13.853 13.438 14.090 14.259 14.138 13.565 14.239 13.842 14.298 13.036 14.466 14.249 14.321 14.460 15.548 16.898 18.859 17.302 17.007 17.197 16.746 16.048 15.716 16.020 15.873 16.191 17.227 16.740 17.927 17.756 17.967 19.158 20.719 18.976 17.915 17.386 17.338 17.818 18.418 17.926 18.677 18.123 18.000 18.298
14.811 14.155 14.558 15.514 15.454 13.838 13.453 13.665 14.187 14.566 14.820 15.453 16.683 15.181 15.809 15.620 15.262 15.191 14.658 15.007 16.076 15.378 15.337 15.550 15.359 14.520 14.647 13.987 13.382 13.141 13.924 13.454 13.560 13.096 13.832 13.279 13.289 13.077 13.518 14.125 14.505 15.655 17.085 16.867 16.332 15.880 15.982 16.588 16.902 16.433 16.511 17.159 17.067 17.256 17.518 16.967 17.623 18.827 20.089 19.633 17.927 16.937 16.666 16.558 16.702 17.672 17.060 17.513 17.748 17.056 17.260
15.202 14.836 14.573 15.069 14.735 14.481 14.180 13.823 13.863 14.116 13.963 14.391 14.864 15.011 14.598 15.331 14.491 14.414 13.931 13.822 14.450 15.964 16.373 15.912 15.110 14.953 14.813 14.561 13.370 12.952 12.941 13.350 13.471 13.390 13.278 13.793 13.912 13.891 14.305 14.842 15.321 16.406 17.831 16.447 15.346 15.560 15.624 16.457 16.215 16.288 16.521 16.741 16.836 16.477 16.920 17.047 18.028 19.238 20.536 18.958 17.467 16.743 17.499 16.931 16.632 16.712 16.910 16.624 17.588 16.582 15.596
15.953 15.078 15.335 14.770 14.307 14.106 14.473 14.447 14.405 14.703 13.746 13.752 13.921 13.881 13.517 13.733 14.390 13.665 13.841 13.795 13.841 15.053 15.974 16.478 15.741 14.986 14.889 14.715 14.036 13.257 13.096 13.972 13.468 13.558 14.115 14.437 15.168 14.616 14.516 15.449 17.064 17.482 17.112 15.750 14.892 16.016 15.870 16.136 16.632 16.824 16.697 16.619 16.566 16.521 16.425 16.760 17.825 18.926 20.302 18.774 17.601 16.833 16.347 16.583 16.477 16.552 16.844 16.228 16.582 15.780 14.725
17.404 15.992 15.555 14.944 14.776 15.547 14.917 14.285 14.034 14.378 14.603 13.513 13.521 13.111 13.207 13.352 14.648 14.010 14.193 13.553 13.751 15.413 15.336 15.280 15.876 15.866 15.453 15.399 14.665 13.645 13.105 14.166 13.653 13.331 13.483 13.458 13.603 13.708 14.117 14.576 15.299 16.469 16.781 15.725 14.991 15.454 15.960 16.703 16.676 16.033 15.905 16.158 16.280 16.263 16.528 16.745 17.383 18.629 20.229 19.750 18.491 17.405 16.895 15.923 15.639 15.693 16.881 15.855 15.562 15.063 14.461
18.729 17.766 16.894 16.054 16.597 15.230 15.140 15.596 14.975 14.301 14.647 14.802 13.411 14.252 14.719 13.330 14.440 13.868 14.723 13.797 14.445 15.002 15.069 15.015 15.055 15.486 16.076 15.416 14.813 14.215 13.213 13.013 13.355 13.251 12.579 12.734 12.775 14.332 14.127 13.737 14.599 16.040 17.145 15.860 15.134 15.203 15.683 16.401 15.931 16.368 15.861 15.928 16.105 16.079 16.386 16.933 17.478 18.488 20.404 19.799 18.887 17.252 15.876 14.792 14.372 15.012 15.904 16.173 15.137 14.805 14.630
