inst/extdata/SAGA_wetness_index_rotated.asc
NCOLS 340
NROWS 316
XLLCORNER 528502.529920
YLLCORNER 274871.653426
CELLSIZE 100.000000
NODATA_VALUE -99999.000000
[rows 32 to 63 of 316, columns 71 to 141 of 340]
23.380 23.358 23.349 23.299 23.328 23.371 23.411 23.422 23.613 23.698 23.699 23.694 23.546 23.333 23.308 23.294 23.541 23.348 23.280 23.563 23.234 22.953 22.976 23.128 23.159 23.392 23.576 23.352 23.277 23.161 23.191 23.251 23.351 23.554 23.559 23.560 23.559 23.556 23.553 23.549 23.500 23.496 23.326 23.174 23.146 22.952 22.944 22.108 22.874 23.177 22.737 21.395 22.036 23.075 23.140 23.241 23.250 23.088 22.589 21.812 21.522 21.443 21.490 21.640 21.634 21.073 20.258 20.009 20.157 20.339 19.466
23.395 23.419 23.414 23.413 23.489 23.688 23.690 23.693 23.696 23.700 23.701 23.699 23.691 23.488 23.324 23.262 23.279 23.311 23.251 23.315 23.042 22.995 23.250 23.398 23.557 23.571 23.402 23.271 23.226 23.118 23.210 23.269 23.543 23.557 23.560 23.558 23.553 23.545 23.301 23.281 23.276 23.271 23.200 23.167 23.119 22.976 22.056 22.391 22.132 22.868 23.259 23.286 23.296 23.348 23.367 23.353 23.029 22.466 21.743 21.057 20.356 20.103 20.475 20.492 20.777 20.105 19.361 18.792 19.036 18.820 17.961
23.408 23.606 23.633 23.690 23.695 23.698 23.701 23.701 23.701 23.701 23.701 23.701 23.698 23.690 23.417 23.321 23.312 23.253 23.124 23.131 23.078 23.146 23.477 23.410 23.394 23.372 23.370 23.142 23.023 23.203 23.324 23.543 23.558 23.559 23.557 23.551 23.398 23.203 23.184 23.256 23.148 23.137 23.141 23.127 23.118 22.744 22.083 22.369 22.344 22.704 22.985 23.200 23.358 23.367 23.360 23.199 22.625 21.989 21.203 20.114 18.873 18.358 18.729 19.008 19.545 19.022 18.369 17.795 17.314 16.978 16.207
23.631 23.695 23.699 23.700 23.701 23.701 23.701 23.701 23.701 23.701 23.701 23.701 23.700 23.697 23.688 23.369 23.324 23.233 23.156 23.110 23.173 23.368 23.408 23.287 23.144 23.069 23.176 22.862 23.068 23.472 23.555 23.557 23.559 23.559 23.554 23.400 23.193 23.241 23.319 23.189 23.175 23.205 23.183 23.124 23.014 22.144 22.246 22.110 22.135 22.015 22.176 22.703 23.141 23.228 23.156 22.805 22.468 21.741 20.647 19.119 17.848 17.139 16.593 17.326 17.806 17.483 17.119 16.506 15.634 14.811 14.560
23.699 23.701 23.701 23.701 23.701 23.701 23.701 23.701 23.701 23.701 23.701 23.701 23.700 23.700 23.696 23.688 23.452 23.425 23.420 23.386 23.545 23.537 23.293 23.102 23.169 23.083 22.902 23.030 23.494 23.553 23.558 23.559 23.559 23.559 23.547 23.287 23.245 23.207 23.134 23.198 23.349 23.148 23.059 22.951 22.198 21.628 22.747 22.410 21.456 21.868 21.950 21.930 22.021 21.662 21.584 21.656 21.895 21.637 20.756 19.413 17.777 16.396 16.374 16.192 15.700 15.752 15.233 15.492 15.196 15.742 15.510
23.699 23.700 23.701 23.701 23.701 23.701 23.701 23.701 23.701 23.701 23.701 23.701 23.700 23.700 23.700 23.697 23.694 23.670 23.684 23.532 23.398 23.236 23.074 23.101 23.152 23.214 23.207 23.496 23.553 23.558 23.559 23.559 23.559 23.559 23.541 23.277 23.057 23.124 23.329 23.246 23.091 22.966 22.377 21.601 21.145 21.500 22.072 21.579 21.763 21.805 22.058 21.881 20.982 20.173 20.048 20.710 21.078 20.653 20.611 20.073 18.792 17.465 16.254 15.299 15.508 14.942 14.931 14.652 14.408 14.083 14.343
23.559 23.697 23.700 23.701 23.701 23.701 23.701 23.701 23.701 23.701 23.701 23.701 23.700 23.700 23.700 23.700 23.700 23.698 23.687 23.410 23.213 23.143 23.077 23.158 23.283 23.541 23.546 23.546 23.549 23.553 23.557 23.557 23.550 23.542 23.509 23.141 22.972 23.143 23.060 22.922 22.500 21.966 21.160 20.975 21.483 21.635 21.519 21.357 21.776 21.644 21.621 21.211 19.986 18.825 18.362 19.497 20.525 19.701 18.825 19.172 20.007 18.736 17.696 17.037 16.664 16.417 16.035 15.743 15.152 14.168 13.819
23.632 23.559 23.699 23.701 23.701 23.701 23.701 23.701 23.701 23.701 23.701 23.701 23.700 23.700 23.699 23.696 23.694 23.692 23.573 23.264 23.165 23.206 23.219 23.439 23.549 23.546 23.531 23.257 23.125 23.332 23.496 23.512 23.363 22.935 22.916 22.713 22.767 22.430 22.343 21.506 21.366 21.138 21.119 21.697 21.984 22.060 20.610 20.065 20.351 20.796 20.924 20.593 19.203 18.119 17.600 18.051 19.633 18.539 17.732 17.241 17.920 19.100 19.197 19.207 18.701 18.506 17.337 16.349 15.611 14.274 13.615
23.422 23.665 23.698 23.701 23.701 23.701 23.701 23.701 23.701 23.701 23.701 23.701 23.700 23.699 23.693 23.548 23.516 23.517 23.426 23.173 23.250 23.190 22.997 23.405 23.392 23.240 22.908 22.478 21.878 21.839 22.466 22.900 22.330 21.943 21.533 21.884 22.161 21.603 21.528 21.093 21.253 21.588 21.803 22.060 22.046 20.730 19.524 18.380 18.516 19.184 19.402 19.774 19.636 17.900 17.413 17.433 17.753 17.752 16.329 15.856 16.252 17.496 19.095 18.048 16.945 16.582 16.422 16.109 15.011 14.179 13.730
23.209 23.614 23.699 23.701 23.701 23.701 23.701 23.701 23.701 23.701 23.701 23.701 23.700 23.694 23.545 23.349 23.168 23.106 23.103 22.946 22.851 22.236 21.741 21.478 21.350 21.317 21.479 21.581 21.339 21.276 21.287 22.123 21.769 21.564 21.349 21.233 21.475 21.657 21.832 21.521 22.007 21.788 22.299 22.239 21.553 19.969 18.338 17.243 16.819 17.208 17.680 18.110 18.412 18.640 17.136 18.252 16.210 16.199 16.097 14.847 14.994 16.386 18.037 16.863 15.674 14.864 14.430 14.400 14.769 13.987 13.779
23.150 23.609 23.697 23.701 23.701 23.701 23.701 23.701 23.701 23.700 23.698 23.685 23.656 23.605 23.235 22.965 22.784 22.487 21.570 21.543 21.114 20.952 20.975 20.931 20.965 21.066 21.091 21.633 21.659 21.987 21.259 21.336 21.741 21.759 21.840 21.757 21.478 22.081 21.486 21.560 22.309 22.106 22.393 22.322 21.024 19.680 17.979 16.680 17.361 18.155 17.273 16.427 16.737 17.532 17.978 16.457 16.145 14.801 14.860 15.172 15.434 15.722 16.042 16.492 14.893 14.224 13.730 13.735 14.091 14.175 15.269
22.985 23.380 23.590 23.592 23.585 23.568 23.551 23.536 23.531 23.536 23.509 23.323 22.690 22.131 21.662 21.415 21.531 21.106 21.222 21.132 20.935 21.141 21.727 22.221 22.046 22.146 21.981 21.696 22.124 22.742 22.330 21.417 21.584 21.791 21.795 22.544 22.294 22.108 21.609 22.404 22.014 22.411 22.397 22.232 20.864 19.387 18.472 17.526 17.024 17.616 16.929 15.931 15.913 16.181 16.232 16.062 15.670 15.693 14.498 14.554 15.944 14.800 14.787 15.191 14.834 13.505 15.016 14.355 14.312 15.270 14.858
22.085 21.864 21.953 22.012 21.806 21.750 21.592 21.417 21.516 21.431 21.486 21.352 21.237 20.968 20.881 21.049 21.152 21.256 21.986 21.762 21.720 21.996 22.080 22.162 22.405 22.526 22.490 21.966 22.466 22.459 22.378 22.109 22.066 21.777 22.560 22.651 22.336 22.124 22.510 22.046 22.424 22.242 22.587 22.033 21.501 20.435 19.260 18.492 18.190 17.576 16.852 16.353 16.553 15.086 14.630 15.434 16.271 15.822 15.402 14.586 14.797 14.467 14.273 14.016 14.087 14.814 14.533 14.931 15.096 15.723 15.024
21.176 21.121 21.094 21.032 20.922 20.826 20.810 20.840 20.867 20.981 20.995 21.013 21.117 21.160 21.495 22.111 22.114 22.588 22.035 22.293 22.685 22.548 22.691 22.656 22.471 22.447 22.470 22.467 22.382 22.285 22.381 22.442 22.284 22.460 22.667 22.345 22.169 22.330 22.682 22.534 22.262 22.554 22.166 21.819 21.071 21.356 20.867 19.973 18.727 17.824 17.134 16.427 16.175 15.344 15.137 14.622 14.805 14.701 14.869 15.525 15.613 14.879 14.693 14.464 14.676 14.996 15.337 15.801 15.662 16.036 15.712
21.498 21.634 21.313 20.949 21.143 21.280 21.760 22.316 21.931 22.179 22.231 22.579 22.162 22.072 22.402 22.119 22.392 22.801 22.855 22.771 22.502 22.549 22.582 22.432 22.341 22.440 22.429 22.405 22.361 22.332 22.276 22.280 22.326 22.353 22.474 22.200 22.314 22.552 22.716 22.714 22.647 22.280 21.843 21.097 20.216 20.333 20.546 20.290 19.524 18.682 17.670 16.641 15.768 15.252 14.663 15.485 15.574 14.633 14.493 14.688 14.702 16.104 15.676 15.333 14.967 15.482 16.543 16.910 15.920 16.505 15.429
22.675 21.990 21.551 21.514 21.258 21.179 22.066 22.618 22.345 22.812 22.893 22.891 22.724 22.089 22.284 22.281 22.402 22.713 22.872 22.528 22.539 22.585 22.498 22.430 22.480 22.427 22.276 22.263 22.309 22.360 22.421 22.398 22.286 22.316 22.187 22.219 22.498 22.715 22.723 22.717 22.511 22.044 21.510 20.256 20.072 18.983 19.223 18.693 19.193 19.575 18.451 17.451 16.669 15.879 16.181 15.333 15.244 15.089 14.864 14.516 15.511 15.175 15.557 15.284 15.788 16.802 17.914 17.475 16.755 15.968 16.151
22.001 21.621 21.591 21.403 21.477 21.253 21.341 22.218 22.052 22.828 22.900 22.907 22.890 22.599 22.155 22.420 22.432 22.724 22.570 22.519 22.533 22.464 22.526 22.564 22.482 22.393 22.404 22.451 22.464 22.576 22.732 22.723 22.404 22.332 22.259 22.545 22.715 22.722 22.725 22.713 22.293 21.944 21.387 20.347 19.044 19.045 17.660 17.440 17.467 18.059 18.423 18.622 17.835 16.592 15.748 15.841 16.961 15.236 15.128 15.899 15.111 16.162 15.596 16.357 17.009 18.242 18.633 18.196 17.584 16.852 17.116
21.721 21.999 22.670 22.900 23.138 22.108 21.372 21.809 22.201 22.267 22.894 22.763 22.726 22.842 22.614 22.453 22.737 22.685 22.628 22.582 22.479 22.599 22.504 22.409 22.441 22.538 22.595 22.724 22.739 22.743 22.737 22.601 22.306 22.291 22.633 22.713 22.723 22.725 22.719 22.692 22.361 21.756 21.224 20.660 19.402 17.950 17.578 17.547 16.789 17.143 17.251 17.320 16.959 17.125 17.204 16.217 15.881 16.143 16.585 15.459 16.416 16.133 16.855 17.467 17.962 19.190 19.616 18.954 18.805 18.003 17.539
21.720 22.030 23.206 23.286 23.275 22.540 21.590 21.613 22.057 22.791 22.761 22.434 22.240 22.417 22.458 22.609 22.897 22.866 22.508 22.423 22.474 22.441 22.483 22.622 22.494 22.411 22.450 22.445 22.695 22.739 22.619 22.228 22.104 22.141 22.452 22.711 22.722 22.718 22.695 22.317 22.286 21.731 21.123 20.367 19.676 18.665 17.387 17.391 16.959 17.170 17.952 17.294 17.029 16.989 17.332 16.613 17.168 18.026 16.734 17.005 16.244 17.311 18.291 18.161 18.939 19.073 20.306 20.365 19.788 19.159 18.578
22.024 21.686 22.537 23.264 23.291 23.234 22.202 21.497 21.821 22.492 22.399 21.912 21.785 21.929 22.079 22.474 22.635 22.911 22.646 22.285 22.338 22.611 22.445 22.266 22.262 22.333 22.440 22.270 22.381 22.676 22.283 22.068 22.363 22.044 22.246 22.677 22.605 22.614 22.383 22.149 22.273 21.968 21.423 20.640 19.510 18.635 17.691 17.400 17.223 17.878 17.728 17.786 17.826 17.716 17.538 17.738 19.219 18.444 17.461 17.096 17.315 18.266 19.668 19.334 19.113 20.199 21.039 21.253 20.745 20.050 20.314
22.501 21.763 21.869 22.923 23.290 23.025 22.836 22.078 21.644 21.648 21.648 21.710 22.110 21.899 21.817 22.036 22.775 22.778 22.717 22.366 22.155 22.285 22.103 22.207 22.378 22.420 22.466 22.401 22.257 22.179 22.461 22.101 21.657 21.665 22.122 22.527 22.502 22.060 21.994 22.453 22.131 21.955 21.621 21.252 20.536 19.486 18.650 18.201 18.888 19.147 18.466 18.221 19.045 18.906 18.480 19.483 19.455 18.904 18.601 17.980 18.540 19.383 21.143 20.677 20.527 21.131 21.795 21.816 21.662 21.217 21.421
22.774 22.107 21.820 22.459 22.797 22.771 22.811 22.770 22.320 21.981 21.989 22.559 23.041 22.569 22.026 21.597 21.869 22.804 22.738 22.683 22.348 22.139 22.409 22.615 22.624 22.743 22.366 22.191 22.183 22.254 21.691 21.632 21.576 21.853 21.856 21.952 21.906 21.915 22.004 22.366 21.991 22.051 21.904 21.537 21.409 20.929 20.428 19.649 20.176 20.374 19.363 19.264 20.472 20.217 20.055 20.631 20.076 19.548 19.058 19.493 19.387 20.243 21.730 21.806 21.801 21.820 21.843 21.851 21.842 21.837 21.835
22.627 22.062 21.755 22.219 22.810 23.006 23.143 23.136 22.909 22.957 23.252 23.316 23.333 23.315 22.911 22.123 21.592 21.759 22.048 22.419 22.223 22.277 22.728 22.844 22.671 22.262 22.330 22.674 21.868 21.552 21.578 21.874 22.239 22.498 22.475 21.658 21.475 21.927 22.044 22.344 22.102 21.799 21.760 22.337 22.027 21.672 21.500 21.299 21.002 20.980 20.579 20.603 21.028 21.048 21.094 20.977 20.665 20.010 20.208 20.030 20.193 21.353 21.816 21.852 21.852 21.852 21.852 21.852 21.852 21.852 21.851
22.166 21.651 21.854 22.572 23.064 23.228 23.317 23.314 23.170 22.914 23.144 23.247 23.355 23.352 23.325 23.008 22.477 21.932 21.902 21.978 22.198 22.169 22.405 22.839 22.730 22.559 22.177 21.795 21.673 21.846 22.143 21.843 21.950 21.931 21.271 20.647 20.069 20.148 21.270 21.817 21.878 21.955 22.368 22.458 22.456 22.147 21.915 21.745 21.482 21.419 21.601 21.287 21.177 21.294 21.441 21.225 20.999 20.890 20.908 20.715 21.081 21.647 21.844 21.852 21.852 21.852 21.852 21.852 21.852 21.849 21.799
21.646 21.785 22.485 23.062 23.257 23.407 23.405 23.070 23.059 22.983 22.994 23.041 23.024 23.207 23.346 23.166 22.810 22.630 22.649 22.225 22.318 22.311 22.171 22.433 22.360 22.160 22.009 21.915 22.501 22.003 21.564 21.769 22.007 21.962 21.074 20.283 20.486 19.740 19.920 20.776 21.802 22.307 21.821 21.838 22.020 22.216 22.167 21.900 21.621 21.660 21.903 21.871 21.692 21.736 21.925 21.672 21.574 21.406 21.178 21.205 21.196 21.419 21.841 21.851 21.852 21.852 21.852 21.852 21.850 21.795 21.633
22.106 22.836 23.238 23.299 23.147 23.021 22.916 22.914 22.921 22.975 23.058 23.147 23.008 22.927 22.997 23.211 22.789 22.652 22.719 22.697 22.396 22.453 22.299 22.206 22.167 22.097 21.962 22.324 22.194 21.703 21.940 22.602 22.337 22.358 21.755 20.718 19.893 20.300 20.173 20.042 20.781 21.505 20.596 20.272 20.915 21.488 21.848 21.901 21.785 21.651 21.742 21.690 21.911 22.005 22.111 22.107 22.096 21.885 21.466 21.238 21.129 21.210 21.742 21.848 21.848 21.838 21.828 21.825 21.827 21.647 20.838
23.283 23.386 23.406 22.981 22.904 22.902 22.815 23.066 23.135 22.828 22.958 22.929 23.038 23.150 22.951 22.941 22.731 22.729 22.587 22.577 22.544 22.482 22.490 22.396 22.439 22.366 22.470 22.256 21.917 22.025 22.082 22.123 22.040 22.017 21.919 21.304 20.412 19.902 19.983 20.267 20.152 20.267 19.176 18.581 19.430 20.654 21.228 21.133 21.390 21.673 21.411 21.556 21.946 22.000 22.104 22.098 22.096 22.086 21.869 21.415 21.030 21.032 21.564 21.831 21.827 21.489 21.089 21.026 21.262 21.334 20.886
23.096 23.079 22.946 22.893 23.090 23.022 23.065 23.093 23.055 23.063 22.835 22.808 22.710 22.709 22.841 23.058 23.229 22.738 22.870 22.573 22.651 22.833 22.738 22.720 22.709 22.770 22.451 22.012 22.228 22.379 22.163 22.027 21.987 21.945 21.937 21.741 21.166 20.459 20.145 19.914 20.516 19.598 18.368 18.212 17.950 19.363 20.768 20.640 20.043 19.860 20.439 21.305 21.886 21.802 21.523 21.391 21.506 21.679 21.511 21.305 21.019 20.749 20.954 21.738 21.468 20.714 19.786 19.369 19.665 20.746 21.235
22.918 22.934 22.925 23.029 23.017 23.166 23.219 23.088 23.039 23.006 22.878 22.957 22.709 22.519 22.685 22.934 23.037 23.262 23.157 22.667 22.578 22.992 23.166 23.016 23.005 22.876 22.419 22.285 22.159 22.056 22.009 21.958 22.072 22.058 21.966 21.821 21.843 21.556 21.552 21.039 20.238 19.752 18.445 17.512 17.606 18.106 19.647 19.714 18.812 18.098 18.838 19.881 20.331 20.229 19.639 20.173 20.927 21.142 21.072 20.916 20.585 20.272 19.906 20.828 20.802 19.719 18.604 17.664 18.148 19.398 20.713
23.173 23.184 22.961 23.025 23.211 23.176 22.999 23.040 23.095 22.905 22.823 22.634 22.193 22.685 22.615 22.740 22.737 22.910 23.158 22.573 22.594 22.832 22.813 22.940 23.036 22.722 22.813 22.709 22.488 22.771 22.655 22.205 22.072 22.244 22.081 22.263 22.676 22.684 22.658 22.153 21.335 20.344 19.164 17.375 17.538 17.255 17.770 18.130 17.212 16.712 17.230 18.305 18.528 18.318 18.670 19.464 20.264 20.684 20.502 20.935 20.509 19.900 20.531 19.827 21.045 18.922 17.517 17.172 16.775 18.071 19.811
23.339 23.122 22.955 23.054 23.045 22.982 23.115 23.277 22.995 22.899 22.488 22.057 22.017 21.924 22.236 22.442 22.664 22.610 22.784 22.879 22.477 22.622 22.461 22.634 22.349 22.239 22.328 22.134 22.040 22.018 21.882 22.114 22.356 22.288 22.593 22.706 22.721 22.732 22.725 22.691 21.957 20.479 18.944 18.158 16.850 17.351 16.650 16.744 16.324 16.914 16.167 16.496 16.648 16.867 17.668 18.520 19.712 19.294 18.950 20.184 20.948 20.192 19.758 20.371 21.055 19.299 17.716 16.502 16.551 17.050 18.635
23.266 22.953 22.878 23.015 23.041 23.148 23.068 22.929 22.883 22.325 22.019 21.983 22.420 21.891 21.823 21.843 21.969 22.467 22.608 22.796 22.889 22.721 22.616 21.698 21.815 22.056 22.057 22.136 22.149 22.298 22.099 21.791 21.917 22.154 22.194 22.376 22.701 22.720 22.730 22.720 22.495 21.543 20.157 18.799 18.216 17.358 16.999 17.081 17.227 16.074 16.256 16.204 17.154 16.679 16.496 17.253 17.933 17.605 17.665 18.539 20.267 20.841 20.414 20.733 20.343 20.196 18.436 16.845 16.205 16.253 17.419
