inst/extdata/SAGA_wetness_index_rotated.asc
NCOLS 340
NROWS 316
XLLCORNER 528502.529920
YLLCORNER 274871.653426
CELLSIZE 100.000000
NODATA_VALUE -99999.000000
[rows 256 to 287 of 316, columns 0 to 70 of 340]
16.833 15.828 15.739 16.285 16.338 16.469 16.715 17.535 18.858 16.959 16.124 16.582 16.245 17.062 16.455 16.277 16.286 16.680 16.162 15.384 15.322 16.136 15.707 16.201 16.417 16.530 15.816 15.800 16.387 16.546 16.001 16.273 16.778 16.315 16.295 16.912 16.787 17.864 17.585 17.600 17.945 18.588 18.297 17.387 16.796 16.896 17.258 17.213 17.743 17.499 17.135 17.288 16.543 16.714 17.022 17.339 16.935 16.365 16.319 16.298 15.747 14.933 15.565 15.296 16.114 16.745 16.680 16.085 17.241 16.200 16.326
15.368 15.853 16.316 16.107 16.494 16.698 17.172 18.523 17.225 16.475 17.924 16.002 16.578 15.858 16.354 16.410 16.275 16.368 15.902 15.655 15.556 15.967 15.498 16.375 16.492 17.240 16.059 15.791 16.536 16.639 16.356 16.565 17.452 16.796 16.369 16.998 16.872 17.529 18.071 18.472 18.688 17.634 17.203 16.777 16.930 16.819 17.282 17.468 17.865 17.707 17.412 16.808 17.093 17.259 16.738 16.887 16.427 16.422 16.764 16.152 15.393 14.857 15.129 15.636 15.521 16.163 16.713 16.120 16.424 16.469 16.290
15.086 15.512 16.149 16.685 16.714 17.125 17.803 17.752 17.134 17.310 16.341 16.807 15.735 16.419 16.784 16.533 16.148 15.725 15.604 15.967 16.688 15.838 15.675 16.302 16.274 17.454 16.151 16.088 16.382 17.246 16.442 16.373 17.185 16.728 16.843 16.750 17.059 18.279 18.807 17.903 17.453 17.027 16.676 16.727 16.746 17.361 17.107 18.096 17.496 17.475 17.274 17.171 17.324 16.809 16.309 16.463 16.628 16.972 16.560 16.583 16.180 15.164 14.514 14.998 15.558 15.515 15.888 16.700 16.178 17.028 16.259
15.421 15.760 16.132 16.867 16.689 16.774 17.737 18.252 17.536 17.199 16.785 15.853 16.469 16.556 16.629 16.001 15.545 15.459 15.821 15.899 15.722 16.018 15.536 16.408 16.071 17.157 16.230 16.101 16.427 17.843 16.653 16.884 16.822 16.825 17.032 17.396 18.361 17.954 17.487 17.505 17.234 16.925 16.865 17.196 17.598 16.595 16.918 16.754 17.216 17.534 17.618 17.045 16.789 16.477 16.384 16.201 16.250 16.721 16.524 15.921 16.267 15.355 15.330 14.791 15.169 16.275 15.601 16.287 16.286 17.660 16.363
15.331 16.348 15.990 16.233 16.582 16.659 17.423 18.471 17.550 16.544 15.867 15.806 15.769 15.928 15.773 15.620 15.535 15.191 16.205 15.749 15.324 15.612 15.572 16.539 16.010 16.639 16.790 16.350 16.434 17.223 17.099 17.159 16.905 17.028 17.993 18.587 17.690 17.261 17.140 17.143 16.921 17.407 17.900 16.888 16.664 16.509 16.199 16.541 17.051 17.704 16.755 17.032 16.434 16.605 16.372 15.883 16.029 15.917 16.498 15.717 15.013 15.153 15.217 15.681 15.986 15.785 16.231 16.229 16.375 16.634 16.327
15.205 16.008 16.466 16.328 16.414 16.194 16.960 18.530 17.113 16.094 15.864 16.090 16.553 16.430 16.324 15.621 15.540 16.004 16.008 15.347 15.976 15.210 15.865 16.485 16.061 16.615 16.770 16.613 16.902 17.284 17.997 17.489 17.340 18.400 18.010 17.535 17.188 17.092 16.967 16.926 18.022 17.294 16.739 16.618 16.349 17.219 16.181 16.375 16.484 16.984 16.692 16.209 16.443 16.596 16.103 15.648 15.651 15.705 15.839 15.806 15.247 14.829 15.208 15.837 16.057 16.403 16.640 16.475 17.003 16.316 16.956
15.045 15.641 16.356 16.002 16.047 16.029 16.990 18.354 17.122 16.026 15.949 15.787 15.700 15.799 15.544 15.730 16.136 15.321 15.254 15.594 15.054 15.915 15.624 16.335 16.279 16.608 17.081 16.774 16.940 17.408 18.231 17.835 18.505 17.268 17.242 16.951 16.923 16.886 16.992 17.604 16.832 16.545 16.109 16.688 16.910 15.851 15.947 16.340 17.053 16.674 16.338 16.446 16.073 15.825 16.207 15.620 15.333 16.055 15.365 15.242 15.734 15.725 15.382 15.308 15.537 15.768 16.001 16.703 16.737 16.403 16.776
15.310 16.515 15.762 16.106 16.367 16.470 16.869 17.668 17.723 16.413 15.950 16.239 15.875 15.475 15.252 15.558 15.293 15.218 14.771 14.957 15.590 15.128 15.783 16.158 15.968 16.740 16.944 16.728 17.042 17.576 18.318 18.108 16.932 16.834 16.660 16.581 16.693 17.214 17.065 16.704 16.296 16.072 16.484 15.818 15.737 16.215 16.433 16.294 15.994 16.300 16.400 15.755 15.728 15.714 15.906 15.147 15.701 15.506 15.119 15.184 15.423 16.203 16.164 15.871 15.576 15.774 15.705 16.206 18.058 16.431 16.288
15.795 16.331 15.496 15.713 16.573 16.856 17.112 17.670 17.965 16.761 15.875 15.679 15.800 15.634 16.174 15.417 15.026 15.028 14.776 14.724 15.456 15.435 15.279 16.100 15.890 16.403 16.882 16.736 17.130 17.881 18.246 17.237 17.106 17.437 16.933 16.866 17.285 16.722 16.478 16.319 15.859 16.361 15.536 15.529 16.454 15.924 15.994 15.342 15.640 16.069 15.935 15.629 15.558 16.056 15.259 15.365 15.253 15.237 15.156 15.440 15.627 15.459 15.703 16.480 16.117 15.841 15.654 15.855 16.118 17.324 16.992
16.452 15.688 15.659 16.426 16.050 16.255 17.039 18.086 17.665 16.640 16.189 16.144 16.225 15.923 15.903 15.083 14.796 14.680 15.163 14.751 15.169 15.877 15.365 15.822 16.254 16.104 17.074 16.518 17.338 18.740 18.051 17.480 17.273 16.916 16.786 17.858 16.428 16.403 16.112 15.713 15.986 15.577 15.250 16.037 15.645 15.902 15.944 15.366 15.219 15.582 15.457 15.201 15.536 15.636 15.283 15.479 15.166 15.435 15.141 15.492 15.941 15.791 16.153 16.058 16.628 16.450 16.074 15.835 15.960 16.167 16.648
16.008 15.492 15.799 15.791 16.534 16.552 16.563 17.481 18.156 17.198 16.489 15.888 15.515 15.887 15.308 14.866 14.619 15.200 14.610 14.717 15.564 15.782 15.455 15.559 16.947 15.986 16.889 16.588 17.310 18.777 17.991 17.264 17.122 16.940 17.071 16.748 16.208 15.741 15.811 15.478 15.921 15.281 16.253 15.568 15.901 15.874 15.774 15.982 15.272 15.523 15.059 15.235 16.126 15.395 15.818 15.084 15.199 15.433 15.002 15.500 15.531 16.333 16.072 17.116 16.615 16.418 16.201 17.394 16.486 16.421 16.465
15.665 15.519 15.553 16.228 16.189 16.537 16.760 17.672 18.298 17.298 16.299 15.725 15.786 15.956 15.129 14.634 15.302 14.960 14.852 15.278 15.237 16.024 15.750 15.731 15.854 16.670 16.502 17.090 17.188 18.390 17.695 17.110 17.192 16.743 17.066 16.333 15.800 16.203 15.462 15.865 15.800 15.710 15.577 15.852 15.893 16.110 15.587 16.050 15.417 15.279 15.112 15.606 15.576 15.285 15.489 14.968 14.891 15.039 14.994 15.401 15.891 15.805 16.249 16.991 16.661 16.251 16.954 16.445 16.467 17.162 16.729
14.883 15.255 15.922 16.045 16.688 17.215 17.833 18.781 18.200 17.045 16.153 15.980 16.450 15.504 14.997 15.217 15.409 15.351 15.694 15.294 15.543 15.642 16.701 15.962 15.866 17.010 16.647 17.690 17.117 17.920 17.996 17.180 16.906 16.616 16.306 17.070 15.978 15.327 15.773 16.459 15.983 15.753 15.749 15.989 16.037 15.934 15.817 15.968 15.497 15.378 16.026 15.654 15.121 16.104 15.114 15.222 15.238 14.882 15.355 15.705 15.867 16.166 16.580 17.076 16.913 16.905 16.676 16.855 17.510 16.931 16.953
15.007 15.081 15.486 15.969 16.086 16.415 16.710 17.548 19.265 17.381 16.135 15.685 16.134 15.415 15.365 16.215 15.683 15.980 16.106 15.479 15.091 16.108 15.864 16.120 16.299 16.749 16.777 17.665 16.957 17.530 18.719 17.683 17.041 16.511 16.604 16.588 15.990 16.313 15.639 16.183 16.580 16.652 17.280 16.999 17.117 17.147 16.674 16.800 16.256 16.120 15.503 15.230 15.502 15.933 15.366 14.877 15.333 15.515 15.154 16.350 15.509 16.011 16.666 17.226 16.987 17.202 17.354 17.540 17.136 17.165 17.482
15.388 15.352 15.506 15.695 15.771 15.854 16.104 16.799 17.976 17.482 16.477 16.010 16.103 15.431 16.006 16.713 16.322 15.730 15.369 15.377 15.546 16.424 15.902 15.726 15.853 16.488 16.639 16.997 16.667 17.241 18.900 17.658 17.088 17.007 16.823 16.551 16.079 15.586 15.780 16.490 16.675 15.847 15.764 15.664 15.868 15.969 15.614 15.616 15.763 15.316 15.287 15.502 16.330 15.393 15.253 15.584 15.484 15.405 15.586 15.417 15.579 16.151 16.868 17.256 17.043 16.882 17.374 17.984 18.203 17.967 17.196
14.982 15.390 16.337 16.454 16.469 15.659 15.651 16.445 17.432 18.053 16.852 16.106 15.818 15.800 17.062 16.115 16.112 16.050 16.337 16.175 15.575 16.188 15.640 15.610 15.792 16.158 16.624 16.311 16.835 16.877 17.948 18.227 17.199 16.718 16.811 16.648 15.813 15.784 16.364 16.368 15.613 15.773 15.782 15.568 15.186 15.560 15.712 15.401 15.195 15.228 15.773 16.180 15.601 15.179 15.148 15.951 15.846 15.693 16.860 15.348 15.659 16.356 16.330 17.231 17.141 17.668 18.090 17.455 16.991 16.816 17.411
14.890 14.909 15.784 15.893 15.568 15.930 15.391 15.745 17.191 18.556 17.242 16.743 16.055 17.835 16.289 16.211 15.862 16.198 15.891 15.383 15.531 16.118 15.220 15.507 15.952 16.246 16.478 16.231 17.736 16.718 17.559 18.669 17.603 16.851 17.042 16.375 15.857 16.488 16.379 15.647 16.114 16.592 16.274 16.106 15.557 15.071 15.522 15.287 15.381 15.917 15.228 14.923 15.274 15.097 15.682 15.202 15.474 15.783 15.673 15.326 16.253 15.789 16.673 16.897 17.309 16.846 17.327 17.038 17.162 16.694 17.142
15.114 14.759 15.023 15.621 15.636 15.300 16.185 15.494 16.547 17.956 18.100 17.176 17.417 16.077 15.844 15.657 15.945 15.825 15.488 15.799 15.407 15.782 15.802 15.232 15.290 15.972 16.308 16.295 17.739 16.473 17.376 19.072 17.684 16.948 17.452 16.352 16.197 16.811 15.813 16.483 16.345 16.600 15.895 15.479 15.307 15.604 15.340 15.319 15.063 15.067 14.734 14.800 14.912 14.956 15.104 15.393 15.397 16.068 15.766 15.583 15.491 16.403 16.125 16.927 16.998 16.530 16.435 16.687 16.806 17.173 17.534
14.503 14.870 14.614 15.822 15.122 15.289 15.650 15.679 16.271 17.481 18.953 18.152 16.586 15.779 15.468 16.120 16.524 16.408 15.956 15.192 15.428 15.389 15.688 15.229 15.053 15.747 16.085 15.989 17.198 16.390 16.988 18.318 17.897 17.169 17.531 16.562 17.297 16.300 16.502 16.526 16.441 16.216 15.989 15.929 15.507 14.913 14.943 15.797 14.812 14.495 14.685 15.293 14.692 15.091 14.812 15.155 15.439 16.031 16.280 16.287 15.980 15.766 16.245 16.380 17.134 16.320 16.113 16.105 16.621 16.909 17.241
14.085 14.999 14.534 15.385 15.035 15.758 15.328 16.329 15.988 17.266 18.921 17.476 16.372 16.123 16.125 15.452 15.117 15.037 15.194 15.539 15.044 16.014 15.387 15.174 15.133 15.605 16.330 15.805 16.421 16.490 16.686 17.891 18.388 17.404 17.547 16.921 17.796 16.913 16.668 16.552 17.100 16.271 15.820 15.426 15.373 15.116 15.244 15.651 14.978 14.525 14.410 14.589 15.166 16.251 15.435 15.635 15.791 16.721 15.797 15.519 15.477 15.997 15.935 16.169 16.826 16.397 16.460 16.646 16.434 16.597 16.619
14.450 15.365 14.791 15.007 15.600 15.280 15.817 16.102 16.087 17.055 18.718 17.747 16.748 16.424 15.890 15.635 15.669 15.141 14.874 14.963 15.461 15.791 15.342 14.752 15.079 16.022 15.912 15.570 16.213 16.713 16.262 17.378 19.247 17.871 17.511 17.569 17.904 17.561 17.758 17.320 16.825 16.213 15.603 15.320 15.361 15.578 15.960 14.909 14.245 14.279 15.385 14.773 14.923 14.986 15.376 15.782 16.376 16.491 15.670 15.383 15.846 16.332 16.951 16.091 16.502 16.465 16.784 16.718 17.024 16.539 16.477
15.189 15.527 15.467 14.995 15.808 15.449 16.594 16.085 16.603 17.146 18.497 18.792 17.756 17.019 16.830 15.822 15.183 14.878 15.065 15.587 16.306 15.445 15.510 15.110 14.829 15.564 16.555 15.597 15.780 17.137 16.064 16.815 18.294 18.702 18.009 18.559 17.289 17.010 16.654 16.301 16.125 15.682 15.969 15.734 15.327 14.991 15.277 14.875 14.435 14.680 14.520 15.164 14.672 15.367 15.079 15.567 15.686 17.193 15.694 15.791 15.542 15.466 15.571 16.117 15.994 16.569 15.967 16.471 16.475 16.742 16.741
15.968 16.382 16.167 15.179 15.490 15.809 16.064 16.721 16.813 17.648 19.018 18.138 17.000 16.416 15.811 15.520 15.389 15.464 15.819 17.052 15.765 15.617 15.028 15.308 14.890 15.578 16.185 15.439 15.661 17.032 15.939 16.330 17.507 19.220 18.707 17.579 16.946 16.573 16.375 16.185 15.881 15.635 15.127 15.219 15.401 15.119 15.659 15.154 14.790 14.256 14.662 14.964 15.222 14.763 15.650 15.345 15.521 16.807 15.942 15.915 16.474 16.080 15.449 15.938 15.935 15.802 16.988 15.910 16.495 16.573 17.290
14.888 14.954 15.391 16.355 15.384 16.121 16.001 16.721 17.415 18.680 18.776 17.130 16.082 15.921 15.928 16.015 16.417 15.976 16.331 16.536 15.726 15.692 15.171 15.158 15.366 15.593 15.916 15.351 15.642 16.378 16.409 16.099 16.992 18.292 18.688 17.586 16.767 16.756 16.677 16.652 16.148 16.257 15.753 15.387 15.969 15.377 15.903 15.279 14.914 15.524 14.903 14.799 14.914 15.334 15.141 15.372 15.369 15.989 16.325 15.942 15.678 15.737 16.224 16.290 15.717 15.668 15.964 16.243 15.883 17.136 17.384
15.164 14.809 14.826 15.319 16.913 15.700 16.958 16.537 17.550 18.860 18.016 16.708 16.198 16.138 15.712 15.416 15.347 15.603 15.771 17.166 15.836 15.505 16.421 15.537 15.405 16.505 15.267 15.350 16.313 16.468 16.244 16.706 16.901 18.051 18.751 17.657 17.058 16.621 16.241 16.121 15.888 15.633 15.693 15.891 16.343 15.609 15.416 15.803 15.211 14.890 14.563 14.598 14.863 14.810 14.983 15.667 15.342 15.806 16.633 15.779 15.739 16.057 16.107 16.058 15.870 15.793 15.447 15.885 16.657 16.146 17.166
15.096 16.135 15.191 14.998 15.598 16.954 16.381 17.159 17.656 19.349 17.773 17.233 16.477 16.186 15.752 15.573 15.849 15.620 15.835 16.605 16.527 16.119 15.696 15.906 16.102 15.736 15.123 15.673 16.987 16.400 16.749 16.854 17.231 18.251 19.224 18.365 17.360 17.115 16.653 16.083 15.614 15.556 16.169 15.425 15.780 15.192 15.194 14.866 15.427 14.440 14.307 14.600 14.562 14.538 15.259 15.457 15.354 15.570 16.737 15.727 15.429 15.837 15.811 16.546 15.582 15.786 16.085 15.653 16.219 16.410 17.314
15.267 15.198 15.924 15.368 15.300 16.456 17.534 17.628 18.960 19.629 18.596 17.783 16.863 16.240 15.964 15.652 15.589 15.988 16.496 17.031 16.165 16.301 16.295 16.417 17.816 15.695 15.423 16.766 16.453 16.626 17.055 17.021 17.782 18.924 18.774 17.804 17.121 16.484 16.023 15.831 16.108 16.748 15.579 15.823 15.560 14.931 15.003 14.878 15.131 14.704 14.215 14.317 14.562 15.093 15.348 15.263 15.505 15.690 16.210 16.605 15.748 15.485 16.049 16.378 16.268 16.032 16.011 16.789 16.424 16.991 18.465
16.435 15.644 15.440 16.032 15.541 16.136 17.705 18.881 19.680 18.706 17.550 16.806 16.457 16.387 16.230 16.186 16.551 17.376 16.656 16.690 16.127 16.223 16.685 16.739 16.628 15.789 16.406 16.453 16.348 16.716 17.204 17.847 18.594 19.109 17.432 16.734 16.592 16.552 16.141 16.714 16.303 16.338 15.621 16.043 15.189 15.560 14.976 14.572 14.677 15.333 14.719 14.712 14.832 14.641 14.648 14.877 15.423 15.793 16.711 17.167 15.970 15.730 16.128 16.100 16.518 16.296 16.576 16.884 17.416 18.400 17.998
16.677 16.784 15.936 15.739 16.421 16.139 17.267 19.066 19.619 18.205 17.261 16.802 16.585 16.495 16.557 16.870 17.315 16.972 16.473 16.528 16.912 16.508 16.700 17.629 16.574 16.535 16.844 16.434 16.648 17.376 18.156 19.182 18.958 17.275 16.561 16.258 16.560 16.391 17.040 16.674 16.217 16.150 15.557 15.772 16.122 15.058 14.835 14.723 15.374 14.616 14.596 15.079 15.142 15.159 15.559 15.271 14.927 15.324 15.812 16.662 16.384 15.589 15.685 16.149 16.466 16.214 16.736 17.822 18.993 17.883 16.686
15.819 16.426 17.362 16.412 16.176 16.799 17.281 18.666 19.429 18.082 17.557 17.157 16.598 16.280 16.100 16.461 17.740 16.903 17.022 16.658 17.119 16.561 16.952 18.309 17.061 17.185 16.905 17.132 17.745 18.584 19.696 18.383 17.242 16.530 16.082 16.351 17.362 17.297 16.456 16.212 16.391 15.850 15.657 15.846 15.231 15.457 15.316 15.172 15.701 15.155 14.904 14.670 14.727 14.981 15.056 14.998 15.272 15.114 15.266 15.641 16.773 16.008 15.563 16.221 16.570 16.573 17.485 19.034 17.939 16.949 16.813
15.317 15.854 16.796 17.961 17.169 17.151 18.072 19.180 18.124 17.127 16.584 16.266 16.045 15.914 16.020 16.745 17.701 16.934 17.111 16.989 17.428 16.738 17.440 18.179 17.679 17.294 17.582 18.312 19.640 18.664 17.712 16.944 16.572 16.323 16.814 16.722 16.407 15.980 15.941 15.867 16.273 15.988 16.248 15.809 15.737 15.485 15.103 14.853 15.164 15.093 14.863 15.000 14.963 15.076 15.858 15.712 15.182 15.357 15.597 15.304 15.587 17.300 16.198 16.300 16.597 17.065 18.997 17.616 17.022 17.300 17.314
14.947 15.340 16.246 17.219 18.407 18.326 19.017 19.128 17.606 16.518 16.224 16.209 16.224 16.188 16.577 17.251 17.000 16.758 17.632 16.899 17.087 17.001 17.815 19.442 18.297 18.277 19.010 19.345 18.061 17.075 16.360 16.182 16.457 17.161 17.288 16.611 16.219 15.810 16.179 16.570 16.312 15.997 15.776 15.697 15.668 15.111 15.078 14.877 15.010 15.256 14.776 15.070 15.160 15.091 15.097 15.424 16.047 16.306 16.344 15.870 15.447 15.786 17.412 17.203 17.432 18.609 17.515 16.767 17.048 17.048 16.910
