inst/extdata/SAGA_wetness_index_rotated.asc
NCOLS 340
NROWS 316
XLLCORNER 528502.529920
YLLCORNER 274871.653426
CELLSIZE 100.000000
NODATA_VALUE -99999.000000
[rows 96 to 127 of 316, columns 213 to 283 of 340]
13.510 14.200 14.460 14.203 14.126 14.369 15.049 16.120 16.571 16.245 15.805 15.835 16.004 16.635 16.354 16.053 16.107 16.838 17.611 17.646 16.451 15.801 15.717 16.586 16.518 16.603 16.337 16.762 17.981 18.918 19.835 19.111 18.741 18.240 16.989 15.833 15.112 14.613 14.077 14.141 14.205 14.321 15.198 15.186 15.953 15.882 15.688 15.301 15.728 16.247 15.657 16.130 16.825 17.470 17.285 16.561 16.250 16.783 15.843 16.020 16.404 16.485 17.188 18.357 19.612 19.501 18.249 17.669 18.567 17.287 18.160
14.489 14.721 14.119 14.170 14.435 14.655 15.847 16.375 16.442 15.807 15.832 15.908 16.047 16.559 16.677 16.698 16.734 17.103 17.849 18.196 16.707 15.827 16.220 16.485 16.306 16.452 16.833 17.643 18.714 19.645 19.048 17.806 17.291 16.823 16.649 16.668 15.788 15.141 14.636 14.740 15.067 15.358 14.972 15.397 16.112 15.806 15.481 15.800 15.488 15.855 15.716 16.288 16.883 16.865 17.615 17.066 16.300 16.080 16.818 16.315 16.005 16.487 17.408 18.538 19.611 19.635 18.329 17.796 17.829 17.700 18.825
14.604 14.381 14.157 14.385 14.468 14.674 15.263 15.690 15.371 15.440 15.789 15.590 15.829 16.418 16.576 16.733 17.160 17.773 18.206 18.233 17.464 16.198 15.847 16.505 16.315 16.938 17.598 18.568 19.293 19.097 17.499 16.706 16.193 15.613 15.440 15.441 14.972 14.757 14.770 15.366 15.255 15.142 15.662 15.903 15.838 15.716 15.769 16.057 15.867 15.765 16.298 16.939 16.584 16.806 16.750 17.619 16.986 16.369 16.431 15.901 16.136 16.782 17.681 18.691 19.463 19.537 18.595 18.156 17.842 18.503 19.878
15.032 14.388 14.230 14.211 14.390 14.579 14.838 15.041 15.011 14.949 15.328 15.349 15.643 15.945 16.315 16.870 17.461 18.130 18.483 18.402 17.810 16.499 16.148 16.213 16.493 17.291 18.331 19.079 19.971 17.860 16.880 16.481 15.785 15.364 14.785 14.587 14.472 14.184 14.096 14.619 14.713 15.873 15.622 16.059 16.050 15.920 16.105 16.232 16.268 16.243 16.665 16.705 17.585 16.700 16.875 17.318 17.354 17.054 16.535 16.252 16.619 17.364 18.171 18.793 19.384 19.666 19.469 18.596 18.820 19.515 20.288
14.693 14.437 14.370 14.468 14.519 14.606 14.753 15.137 15.312 15.059 14.824 14.894 16.226 16.098 15.982 16.208 16.634 16.848 17.353 18.402 18.851 17.073 16.432 16.366 17.062 18.256 19.093 20.148 17.883 16.719 16.100 15.884 15.544 15.120 15.054 14.686 14.889 14.412 14.412 14.366 14.701 14.951 15.336 16.048 16.132 15.758 16.235 16.224 16.443 16.647 16.832 16.600 16.502 16.542 17.016 18.115 17.649 17.327 17.235 16.845 16.928 17.558 18.063 18.181 18.692 19.291 19.519 19.832 19.909 20.033 20.265
15.009 14.871 15.239 14.676 14.144 14.969 14.918 15.707 15.618 15.509 15.285 15.657 15.422 16.829 16.787 16.376 16.121 16.083 16.292 17.504 19.303 18.201 17.429 17.545 18.653 19.625 20.086 18.110 16.590 15.675 15.434 15.535 15.291 15.463 15.453 15.398 14.827 14.948 15.462 14.952 14.760 14.877 15.452 15.564 15.642 15.685 15.826 16.168 16.526 16.850 16.814 16.523 16.487 16.962 17.613 17.803 18.100 17.824 17.592 17.959 16.999 17.468 17.577 17.967 18.169 19.022 19.618 19.655 19.616 20.173 20.154
15.049 14.929 15.213 15.109 14.472 14.651 15.543 15.802 15.840 16.196 16.236 15.419 15.785 16.416 16.344 16.015 16.476 16.415 15.719 16.957 18.831 19.944 18.651 19.437 20.709 20.804 19.455 17.534 16.254 15.770 16.073 15.831 15.767 15.215 14.991 14.597 14.478 14.089 14.558 15.726 15.157 15.045 15.584 15.691 15.746 15.748 15.989 15.864 15.982 16.453 16.900 17.302 17.031 17.363 17.656 17.516 17.500 18.473 17.935 17.639 17.825 17.827 18.182 17.963 18.153 18.710 19.187 19.316 19.795 20.042 20.212
14.621 15.035 15.065 15.065 14.892 14.808 15.845 16.032 16.603 17.256 16.428 15.480 15.783 16.149 15.649 16.281 15.770 15.744 16.688 16.694 18.172 20.536 20.691 20.926 20.880 19.887 19.129 17.763 16.610 15.865 15.310 15.082 14.601 14.440 14.285 14.300 14.158 14.292 14.324 14.644 15.783 15.212 15.765 15.919 16.004 15.496 15.418 15.859 16.411 15.898 15.844 16.128 16.919 17.450 17.713 18.072 17.410 18.007 18.204 17.630 17.367 17.808 17.958 18.142 18.396 18.605 18.990 19.434 19.953 20.176 20.007
14.601 14.639 14.995 15.051 15.285 15.246 16.022 17.050 17.385 17.721 16.732 15.894 16.012 15.664 16.523 15.746 16.155 16.575 16.441 17.336 18.046 20.101 21.011 20.883 19.420 17.840 17.647 18.442 16.987 16.223 15.818 15.132 15.125 15.394 14.734 14.631 14.056 13.707 14.376 15.174 15.868 15.410 15.736 15.823 15.514 15.773 15.911 15.763 15.663 15.712 16.032 15.764 16.166 16.992 17.024 17.387 17.771 17.669 17.553 17.409 17.552 17.901 18.146 18.474 18.888 18.808 18.933 19.545 20.024 20.450 19.943
14.512 14.649 14.937 15.767 15.437 16.003 16.615 17.601 17.838 17.700 17.020 16.601 16.457 16.339 16.237 18.037 16.203 16.743 17.504 17.846 19.195 20.661 20.911 19.549 17.290 16.475 16.299 16.435 17.120 17.350 16.349 16.260 15.082 14.572 14.317 14.087 13.755 14.152 14.703 14.732 15.704 15.414 15.606 16.118 16.119 15.786 15.763 15.885 15.955 16.145 16.096 15.760 16.090 16.693 16.667 16.860 17.164 17.726 17.713 18.024 18.483 18.584 18.738 18.809 18.806 18.908 19.118 19.792 20.111 20.489 20.111
15.115 15.326 15.186 15.031 15.869 16.575 17.503 17.783 18.444 17.619 16.918 18.097 17.161 17.439 16.782 16.618 16.789 17.334 18.174 19.223 20.317 20.959 20.427 17.922 16.577 15.971 15.792 15.409 15.606 16.113 16.612 15.705 15.436 15.321 14.996 14.526 14.530 14.392 14.465 15.178 15.712 15.300 15.444 15.971 16.339 16.604 16.471 16.513 16.921 16.709 15.934 15.940 16.112 16.178 17.055 17.019 16.999 17.163 17.221 17.594 18.418 19.294 19.172 19.146 19.272 19.400 19.274 19.857 20.242 20.460 20.179
14.882 15.436 15.484 15.966 15.785 16.596 17.576 18.162 18.263 17.007 16.914 17.323 17.369 18.191 17.719 17.281 17.399 18.190 19.590 20.247 20.868 20.943 20.021 17.882 16.344 15.619 15.328 16.126 14.907 14.976 15.579 16.193 15.422 15.073 14.647 14.360 14.126 14.084 14.838 14.954 16.362 15.565 15.511 15.937 16.181 16.613 16.920 17.105 16.900 16.999 16.640 16.395 16.302 16.371 16.845 17.296 17.768 17.482 17.301 17.518 18.099 18.541 19.310 19.352 19.286 19.236 19.584 19.965 20.302 20.487 20.249
15.276 15.640 15.954 16.402 16.807 16.564 17.357 18.738 18.033 17.039 18.253 16.912 17.897 19.030 18.958 18.519 18.929 19.760 20.306 20.882 20.951 20.547 18.037 17.186 17.190 16.196 15.284 14.789 15.816 14.929 14.856 15.649 16.624 15.974 15.376 14.802 14.114 14.105 14.712 14.837 15.116 15.896 15.738 15.802 16.063 16.342 16.723 16.634 16.809 16.846 16.714 16.909 17.247 16.731 16.863 17.324 17.484 17.309 17.312 17.947 18.351 18.811 18.803 18.821 18.973 19.481 19.793 20.069 20.302 20.412 20.150
15.671 16.227 17.016 17.711 16.524 16.784 18.114 19.056 17.923 17.002 17.415 17.245 18.888 19.674 20.364 20.586 20.738 20.525 21.007 20.953 20.492 18.024 16.955 16.267 15.825 15.788 15.535 15.305 14.749 15.463 14.941 15.437 15.782 15.190 15.069 14.572 14.400 14.772 15.610 14.885 15.017 16.362 15.406 15.602 15.995 16.356 16.417 16.519 16.782 16.670 16.528 16.673 16.567 16.534 16.958 17.748 17.148 16.985 17.011 17.530 18.149 18.291 18.676 18.906 19.273 19.215 19.786 20.283 20.444 20.500 19.661
15.938 16.687 17.395 16.846 16.428 17.004 18.498 18.783 17.424 16.753 17.090 17.420 18.931 20.414 21.018 21.045 21.046 21.023 20.857 19.918 18.083 16.936 16.027 15.639 15.775 15.580 15.487 15.023 15.248 15.263 15.229 15.079 15.269 15.315 14.698 14.925 14.135 14.805 15.082 15.087 15.826 16.148 15.462 15.509 16.122 16.307 16.440 16.765 16.918 16.590 16.736 16.995 17.228 17.439 17.016 16.956 17.847 17.583 17.125 16.952 17.461 18.425 18.937 19.538 19.173 18.939 19.187 20.098 20.504 20.590 19.746
16.178 17.274 16.883 16.684 16.446 17.846 18.947 18.184 17.036 16.931 16.968 17.554 18.831 20.939 21.051 21.060 21.036 20.865 19.475 17.579 16.679 16.021 15.881 16.105 16.000 16.191 16.212 15.890 15.448 15.877 15.006 14.697 14.804 15.081 15.103 14.576 14.826 14.641 15.172 15.706 16.371 15.747 15.366 15.652 16.276 16.539 16.710 17.090 16.908 16.983 17.311 17.427 17.529 17.693 17.931 17.035 16.931 17.215 17.414 16.964 17.374 18.487 19.072 19.060 19.445 19.013 18.985 19.781 20.540 20.409 20.179
16.635 17.497 17.191 16.721 17.372 18.527 19.144 18.081 16.901 17.317 16.910 18.057 20.004 20.991 21.057 21.042 21.001 19.765 18.030 17.237 16.837 16.684 17.131 17.148 15.777 15.710 15.025 14.615 14.744 14.822 15.256 14.780 14.660 15.354 14.709 14.353 14.457 15.117 15.846 16.342 15.975 15.567 15.422 16.012 16.877 16.991 16.274 16.413 16.952 16.728 16.978 17.113 17.219 17.367 17.844 17.519 17.630 17.599 17.411 17.754 17.444 18.281 18.903 19.282 19.601 18.925 18.949 19.893 20.517 20.486 20.465
16.893 18.118 17.704 17.570 18.384 18.977 19.645 18.109 17.790 17.140 17.810 19.439 20.931 21.044 21.026 20.736 19.975 19.631 19.062 17.369 16.574 16.076 15.600 15.450 15.207 15.092 14.831 14.457 14.183 14.074 14.673 15.395 14.608 14.841 14.948 14.321 14.488 15.522 15.959 16.019 16.008 15.618 15.672 16.443 17.249 16.551 17.345 16.496 17.135 16.718 16.761 16.682 16.917 17.344 17.512 18.769 18.011 18.467 18.540 17.527 18.205 18.500 18.943 19.156 19.139 18.701 19.146 20.207 20.552 20.544 20.426
17.544 17.826 18.085 18.321 18.881 19.500 19.308 18.394 18.288 17.988 19.439 20.907 21.032 21.027 20.696 19.386 18.070 17.854 18.158 18.576 17.796 16.805 16.172 15.487 15.976 15.780 15.930 14.682 14.148 13.984 14.310 15.204 14.961 15.106 14.814 14.918 15.166 15.795 15.801 15.859 15.996 15.725 15.985 16.694 16.963 16.524 16.227 16.489 17.092 17.514 16.764 16.837 16.713 16.800 16.975 17.427 18.765 18.046 17.977 17.871 18.833 19.060 18.601 18.731 18.696 18.956 19.902 20.276 20.273 20.522 20.498
18.087 18.818 17.724 18.105 19.164 20.263 19.490 19.105 18.525 19.562 20.913 21.027 21.035 20.905 19.353 17.528 16.928 16.727 16.914 17.144 17.559 17.519 16.552 16.459 15.521 15.361 14.935 15.093 14.746 14.265 14.271 15.090 15.566 15.084 15.074 15.023 15.590 16.137 15.891 16.120 16.158 15.911 16.147 16.562 16.835 16.695 16.388 16.816 16.762 16.633 17.714 17.171 16.767 17.000 16.913 16.966 17.382 18.084 18.140 18.725 18.604 19.127 18.680 18.560 18.443 18.840 19.832 19.981 20.159 20.452 20.473
17.134 17.379 17.861 18.999 20.355 20.967 20.835 19.568 19.776 20.937 21.029 21.035 20.607 19.829 18.017 17.203 17.392 17.117 16.101 16.107 16.310 16.204 15.881 15.841 15.279 14.944 15.425 14.727 14.628 14.634 14.838 15.293 15.691 14.577 14.352 15.046 16.548 16.060 16.097 16.250 15.995 15.917 16.182 16.624 16.752 16.831 16.911 17.187 17.698 16.664 16.964 16.960 17.526 17.418 17.127 16.904 17.038 17.640 18.554 19.096 18.845 18.592 19.183 18.327 18.369 18.960 20.023 19.001 19.246 20.047 20.478
17.733 18.299 19.215 20.562 20.995 21.048 21.026 20.897 21.004 21.034 21.037 20.559 20.128 19.418 18.312 17.339 16.894 16.725 16.682 16.089 15.579 15.384 15.580 15.262 15.107 15.057 15.368 15.009 15.249 15.358 15.589 14.897 14.724 14.166 14.624 15.337 15.574 15.952 16.491 16.332 16.139 16.286 16.334 16.716 16.944 17.133 17.664 17.136 17.351 17.377 16.953 17.245 17.740 17.696 17.747 17.284 17.300 17.434 17.994 19.179 19.075 18.914 18.555 18.479 18.728 19.049 19.200 18.820 18.640 19.205 20.359
18.784 19.754 19.789 20.435 20.833 21.053 21.058 21.058 21.057 21.042 20.763 20.063 18.955 18.974 17.620 16.982 17.121 17.376 16.794 17.156 16.409 15.772 15.383 15.067 14.863 15.156 15.427 16.118 16.479 15.314 15.011 14.455 14.037 14.481 15.509 15.041 15.457 16.008 16.540 16.824 16.613 16.272 16.302 16.574 17.168 17.546 18.361 17.363 17.256 17.490 17.340 17.812 17.554 17.229 17.477 17.643 17.745 17.863 17.929 18.529 19.460 19.120 18.890 18.854 19.096 19.497 18.842 18.841 18.925 18.796 19.650
19.571 19.385 19.581 19.781 20.657 21.032 21.051 21.047 21.038 20.794 20.115 18.802 18.363 17.382 17.494 16.593 16.483 17.541 17.602 16.854 16.716 16.389 15.766 15.107 15.130 16.269 15.928 15.485 15.476 15.102 15.276 15.211 14.337 13.826 14.078 14.734 15.257 16.036 16.893 16.699 16.912 16.325 16.035 16.215 16.709 17.001 17.287 17.944 17.452 17.545 17.496 17.736 17.590 17.557 17.629 17.740 17.848 18.037 18.354 18.826 19.264 19.404 19.673 19.526 19.198 19.265 18.838 19.026 19.293 19.111 19.253
20.488 19.287 19.771 19.460 20.062 20.669 20.792 20.787 20.438 20.306 19.627 18.173 17.215 16.934 16.384 16.810 16.893 16.730 17.043 16.829 16.252 16.328 16.820 15.919 15.950 15.649 15.211 15.200 15.564 15.587 15.825 16.025 15.175 14.544 14.176 14.423 15.549 16.060 16.341 16.949 16.733 16.545 15.959 15.850 16.123 16.480 16.730 17.059 17.614 18.426 17.674 17.387 18.096 17.997 17.845 17.964 18.035 18.333 18.646 19.129 19.417 20.081 19.630 19.498 19.363 19.267 18.488 18.884 19.165 19.463 19.352
19.597 18.958 19.510 19.520 19.576 20.209 19.824 19.859 19.586 19.322 18.369 17.398 17.078 16.989 16.180 16.132 16.300 15.994 16.247 16.336 16.443 16.430 16.020 15.262 15.006 15.156 15.165 15.819 15.921 16.277 16.628 16.795 16.190 15.504 15.030 14.714 14.839 15.719 16.659 16.706 16.601 16.183 16.227 15.804 15.927 16.243 16.527 16.858 17.053 17.298 17.532 18.144 17.869 17.975 18.063 18.147 18.343 18.653 19.008 19.447 19.919 19.674 19.983 19.967 19.704 19.160 18.517 18.803 18.700 19.022 19.191
19.257 19.168 19.715 19.623 20.085 19.772 19.715 19.552 19.103 18.213 17.523 17.225 16.434 16.068 16.372 16.002 15.861 15.715 16.032 16.117 17.140 16.403 15.294 14.903 15.219 15.539 16.042 16.699 16.518 17.615 17.167 17.635 17.641 16.740 15.721 15.119 14.553 15.158 16.254 16.854 16.054 16.255 17.003 16.092 16.006 16.260 16.654 17.041 17.187 17.479 17.461 17.346 18.010 18.578 18.397 18.507 18.759 19.030 19.231 19.993 19.689 20.159 19.568 19.840 20.118 18.962 18.838 18.931 19.309 19.082 19.422
19.713 19.817 19.678 20.492 20.434 20.303 20.212 19.523 18.503 17.538 16.688 16.365 15.900 15.839 16.414 16.994 16.044 16.365 16.575 15.975 15.826 15.581 15.085 15.549 16.351 16.716 17.529 17.608 17.473 17.297 17.454 17.482 17.463 17.018 15.986 15.106 14.695 15.219 16.056 16.035 15.855 15.682 15.790 16.033 15.896 16.504 16.867 17.096 17.451 17.707 18.028 17.868 17.573 17.863 18.758 19.027 19.160 19.335 19.647 19.656 19.959 19.452 19.524 19.935 19.765 19.933 18.923 19.204 18.934 19.015 19.045
20.210 20.165 20.037 20.177 20.575 20.514 19.865 19.112 18.106 17.066 16.563 15.822 15.897 16.185 16.172 15.892 16.292 15.326 15.246 15.354 15.814 15.410 15.654 16.493 17.685 18.603 19.184 19.015 18.005 17.427 17.169 16.983 16.159 15.481 15.071 14.955 15.133 15.290 15.930 15.685 15.536 15.095 15.176 15.273 15.639 16.117 17.044 17.097 17.287 17.905 18.003 17.742 17.616 17.921 18.621 19.276 19.699 19.545 19.344 19.552 19.348 19.632 19.851 19.501 19.452 19.748 19.517 20.118 19.444 19.008 19.092
20.890 20.514 20.303 20.073 20.070 20.405 19.938 19.225 18.035 16.909 16.238 16.775 16.619 15.540 15.328 15.315 15.292 15.128 15.123 15.634 16.001 15.676 16.312 17.352 18.625 19.291 19.286 18.628 17.697 17.339 16.889 15.960 15.021 14.430 14.357 14.582 15.048 16.138 15.539 15.500 15.515 15.346 15.132 15.103 15.676 16.357 16.439 16.753 16.902 17.086 17.310 17.841 18.147 18.117 18.483 18.840 18.968 19.346 19.577 19.344 19.461 19.564 19.670 19.805 19.927 19.758 19.763 19.752 19.843 20.033 20.006
20.852 21.107 20.768 20.558 20.143 19.926 19.968 19.433 18.715 17.494 16.513 15.880 15.611 15.716 15.859 15.784 15.638 15.763 15.903 15.936 15.763 16.034 16.920 18.388 18.924 19.097 18.868 17.725 17.292 17.154 16.637 15.310 14.349 14.365 14.513 14.839 15.204 15.369 15.538 16.183 16.005 15.715 15.592 15.813 16.010 16.540 16.297 16.429 16.663 17.028 17.468 18.251 18.696 18.591 18.789 18.778 19.218 18.702 18.777 18.944 19.317 19.727 19.881 20.254 20.590 20.570 20.189 20.072 20.545 20.503 19.909
21.194 21.048 21.120 21.015 20.739 20.368 19.913 19.849 19.610 18.884 17.919 17.308 17.173 17.300 17.298 17.283 17.008 17.089 17.072 16.580 16.384 16.838 18.299 18.965 19.085 18.723 17.644 17.308 17.454 17.384 16.256 15.032 14.715 14.782 15.254 15.200 15.193 15.227 15.883 16.513 16.252 15.796 15.846 16.300 16.729 16.952 16.802 16.740 17.203 17.803 18.011 17.934 19.039 18.445 18.854 18.563 18.223 18.619 18.167 17.824 17.971 18.245 18.858 19.553 20.344 20.314 20.483 20.346 20.228 20.392 20.553
