inst/extdata/slope_rotated.asc
NCOLS 340
NROWS 316
XLLCORNER 528502.529920
YLLCORNER 274871.653426
CELLSIZE 100.000000
NODATA_VALUE -99999.000000
[rows 102 to 135 of 316, columns 231 to 307 of 340]
0.183 0.223 0.057 0.015 0.103 0.041 0.002 0.001 0.037 0.189 0.189 0.092 0.044 0.040 0.036 0.056 0.058 0.074 0.066 0.099 0.060 0.010 0.037 0.053 0.030 0.030 0.030 0.035 0.032 0.052 0.059 0.039 0.024 0.015 0.034 0.029 0.024 0.035 0.042 0.007 0.025 0.037 0.032 0.041 0.032 0.057 0.062 0.042 0.029 0.030 0.015 0.009 0.005 0.007 0.025 0.031 0.043 0.047 0.062 0.058 0.098 0.089 0.058 0.014 0.000 0.001 0.005 0.010 0.038 0.029 0.008 0.012 0.011 0.030 0.037 0.035 0.026
0.077 0.222 0.128 0.003 0.005 0.000 0.000 0.023 0.044 0.130 0.188 0.134 0.131 0.121 0.149 0.150 0.136 0.104 0.089 0.065 0.070 0.067 0.015 0.051 0.027 0.024 0.022 0.052 0.068 0.046 0.025 0.063 0.082 0.076 0.038 0.023 0.019 0.011 0.046 0.022 0.017 0.046 0.073 0.051 0.053 0.052 0.047 0.048 0.038 0.025 0.011 0.007 0.010 0.025 0.028 0.023 0.026 0.019 0.025 0.015 0.051 0.052 0.024 0.000 0.001 0.012 0.025 0.047 0.042 0.011 0.018 0.002 0.032 0.037 0.036 0.033 0.037
0.182 0.143 0.158 0.018 0.000 0.000 0.039 0.167 0.150 0.041 0.151 0.177 0.147 0.169 0.101 0.040 0.064 0.056 0.087 0.124 0.064 0.032 0.013 0.042 0.033 0.035 0.057 0.040 0.036 0.053 0.069 0.069 0.048 0.090 0.081 0.038 0.047 0.034 0.025 0.039 0.057 0.081 0.081 0.063 0.055 0.042 0.027 0.039 0.043 0.022 0.010 0.001 0.013 0.023 0.024 0.017 0.014 0.022 0.045 0.019 0.049 0.041 0.016 0.000 0.011 0.030 0.038 0.036 0.015 0.027 0.008 0.064 0.050 0.020 0.028 0.044 0.050
0.122 0.150 0.054 0.005 0.000 0.033 0.235 0.236 0.230 0.222 0.104 0.048 0.101 0.069 0.134 0.153 0.132 0.123 0.130 0.075 0.045 0.064 0.019 0.041 0.041 0.025 0.030 0.052 0.059 0.054 0.053 0.041 0.042 0.076 0.069 0.044 0.060 0.060 0.053 0.033 0.046 0.043 0.030 0.034 0.032 0.034 0.039 0.040 0.037 0.015 0.009 0.001 0.009 0.011 0.020 0.030 0.050 0.065 0.051 0.017 0.066 0.057 0.021 0.000 0.029 0.031 0.021 0.015 0.024 0.008 0.076 0.068 0.035 0.035 0.066 0.103 0.089
0.112 0.053 0.013 0.001 0.009 0.171 0.235 0.072 0.075 0.207 0.231 0.165 0.075 0.143 0.108 0.056 0.051 0.062 0.045 0.055 0.066 0.037 0.020 0.048 0.051 0.033 0.024 0.018 0.026 0.028 0.016 0.024 0.067 0.067 0.061 0.074 0.030 0.044 0.060 0.064 0.081 0.077 0.037 0.011 0.019 0.024 0.022 0.021 0.033 0.014 0.006 0.002 0.007 0.013 0.031 0.088 0.125 0.111 0.074 0.043 0.066 0.090 0.043 0.016 0.015 0.023 0.032 0.044 0.036 0.045 0.067 0.002 0.018 0.067 0.112 0.073 0.104
0.033 0.015 0.002 0.000 0.014 0.124 0.209 0.188 0.134 0.026 0.132 0.191 0.128 0.067 0.126 0.134 0.139 0.119 0.099 0.088 0.041 0.051 0.002 0.033 0.046 0.034 0.032 0.020 0.013 0.011 0.020 0.017 0.033 0.048 0.056 0.062 0.042 0.029 0.017 0.037 0.066 0.078 0.056 0.043 0.015 0.017 0.024 0.032 0.022 0.012 0.005 0.002 0.005 0.023 0.096 0.157 0.112 0.033 0.056 0.059 0.055 0.097 0.070 0.014 0.018 0.015 0.015 0.024 0.030 0.044 0.072 0.052 0.053 0.097 0.051 0.060 0.101
0.014 0.002 0.000 0.003 0.142 0.170 0.068 0.101 0.157 0.152 0.029 0.098 0.172 0.094 0.027 0.048 0.063 0.078 0.109 0.096 0.052 0.059 0.052 0.019 0.033 0.038 0.036 0.031 0.021 0.029 0.025 0.027 0.038 0.031 0.018 0.046 0.046 0.029 0.027 0.043 0.062 0.043 0.036 0.026 0.033 0.040 0.039 0.022 0.016 0.010 0.006 0.003 0.006 0.063 0.140 0.097 0.042 0.076 0.057 0.032 0.074 0.067 0.074 0.034 0.000 0.000 0.001 0.000 0.015 0.093 0.132 0.105 0.112 0.045 0.075 0.107 0.097
0.000 0.000 0.005 0.145 0.209 0.183 0.203 0.155 0.110 0.075 0.106 0.041 0.106 0.087 0.069 0.124 0.095 0.102 0.086 0.046 0.014 0.058 0.062 0.006 0.053 0.050 0.039 0.030 0.035 0.037 0.029 0.040 0.058 0.059 0.077 0.085 0.053 0.015 0.046 0.065 0.083 0.065 0.044 0.052 0.040 0.035 0.024 0.033 0.016 0.005 0.003 0.002 0.020 0.094 0.103 0.066 0.097 0.084 0.063 0.090 0.093 0.048 0.039 0.037 0.000 0.001 0.029 0.006 0.047 0.134 0.138 0.092 0.079 0.089 0.096 0.062 0.055
0.001 0.020 0.123 0.205 0.172 0.129 0.084 0.096 0.094 0.114 0.062 0.052 0.062 0.090 0.077 0.067 0.104 0.055 0.114 0.052 0.045 0.055 0.022 0.014 0.053 0.062 0.036 0.035 0.037 0.028 0.027 0.052 0.054 0.048 0.044 0.037 0.066 0.065 0.015 0.028 0.063 0.105 0.089 0.041 0.027 0.011 0.027 0.045 0.040 0.009 0.002 0.000 0.019 0.064 0.101 0.118 0.099 0.074 0.077 0.094 0.030 0.008 0.033 0.033 0.012 0.032 0.034 0.019 0.066 0.133 0.127 0.067 0.053 0.116 0.098 0.064 0.058
0.038 0.202 0.250 0.211 0.131 0.074 0.065 0.036 0.023 0.028 0.041 0.019 0.064 0.097 0.090 0.062 0.051 0.070 0.049 0.073 0.049 0.028 0.008 0.034 0.070 0.064 0.036 0.028 0.025 0.016 0.029 0.033 0.025 0.029 0.034 0.034 0.024 0.080 0.084 0.061 0.049 0.097 0.094 0.036 0.021 0.027 0.015 0.037 0.049 0.018 0.001 0.004 0.008 0.017 0.061 0.066 0.063 0.041 0.053 0.034 0.018 0.026 0.036 0.032 0.026 0.041 0.024 0.004 0.117 0.137 0.081 0.013 0.111 0.110 0.074 0.065 0.030
0.166 0.169 0.067 0.042 0.016 0.010 0.075 0.058 0.097 0.116 0.080 0.065 0.034 0.065 0.080 0.033 0.070 0.089 0.079 0.046 0.021 0.010 0.024 0.050 0.078 0.051 0.016 0.014 0.050 0.049 0.027 0.047 0.040 0.043 0.050 0.056 0.035 0.058 0.049 0.050 0.064 0.044 0.092 0.048 0.027 0.017 0.009 0.041 0.051 0.015 0.002 0.003 0.003 0.006 0.003 0.004 0.017 0.036 0.028 0.015 0.023 0.040 0.043 0.054 0.058 0.046 0.052 0.022 0.072 0.122 0.115 0.053 0.104 0.100 0.080 0.043 0.013
0.038 0.170 0.215 0.194 0.171 0.145 0.142 0.128 0.115 0.115 0.105 0.110 0.059 0.022 0.074 0.053 0.045 0.093 0.091 0.031 0.021 0.023 0.026 0.055 0.070 0.034 0.009 0.035 0.006 0.044 0.020 0.046 0.048 0.063 0.061 0.049 0.054 0.007 0.038 0.018 0.015 0.078 0.041 0.036 0.023 0.019 0.025 0.059 0.042 0.007 0.001 0.002 0.004 0.000 0.002 0.002 0.022 0.034 0.019 0.019 0.043 0.043 0.040 0.035 0.023 0.046 0.038 0.054 0.095 0.109 0.060 0.089 0.086 0.119 0.058 0.032 0.023
0.088 0.040 0.066 0.131 0.134 0.155 0.056 0.052 0.028 0.095 0.113 0.098 0.074 0.026 0.042 0.034 0.055 0.056 0.051 0.025 0.030 0.032 0.031 0.057 0.056 0.028 0.021 0.042 0.062 0.050 0.023 0.011 0.046 0.047 0.068 0.079 0.088 0.066 0.009 0.044 0.052 0.067 0.018 0.014 0.037 0.034 0.046 0.044 0.012 0.006 0.007 0.002 0.003 0.003 0.002 0.022 0.030 0.007 0.017 0.014 0.039 0.021 0.026 0.029 0.032 0.019 0.028 0.069 0.105 0.080 0.065 0.078 0.121 0.079 0.027 0.034 0.019
0.171 0.157 0.085 0.059 0.097 0.059 0.111 0.092 0.105 0.062 0.059 0.082 0.084 0.033 0.014 0.032 0.038 0.059 0.038 0.018 0.031 0.024 0.026 0.050 0.052 0.040 0.032 0.041 0.066 0.041 0.046 0.056 0.008 0.031 0.064 0.054 0.071 0.088 0.075 0.043 0.052 0.026 0.034 0.014 0.031 0.040 0.060 0.052 0.014 0.012 0.008 0.003 0.003 0.003 0.018 0.015 0.015 0.015 0.017 0.025 0.031 0.004 0.036 0.011 0.048 0.022 0.014 0.077 0.093 0.089 0.061 0.072 0.082 0.024 0.029 0.030 0.012
0.139 0.169 0.155 0.166 0.163 0.101 0.120 0.106 0.042 0.088 0.084 0.074 0.053 0.026 0.009 0.061 0.099 0.062 0.005 0.025 0.026 0.022 0.038 0.055 0.055 0.042 0.045 0.047 0.045 0.031 0.011 0.063 0.044 0.051 0.025 0.034 0.055 0.082 0.097 0.072 0.033 0.017 0.029 0.039 0.012 0.054 0.065 0.042 0.006 0.051 0.039 0.011 0.003 0.004 0.002 0.026 0.026 0.008 0.011 0.045 0.014 0.023 0.018 0.036 0.026 0.046 0.004 0.047 0.068 0.084 0.028 0.051 0.037 0.023 0.024 0.020 0.006
0.064 0.096 0.146 0.146 0.093 0.108 0.093 0.077 0.042 0.069 0.046 0.039 0.022 0.051 0.051 0.102 0.073 0.043 0.043 0.033 0.015 0.023 0.035 0.036 0.048 0.041 0.041 0.039 0.018 0.043 0.029 0.028 0.056 0.043 0.022 0.026 0.025 0.058 0.073 0.090 0.069 0.016 0.023 0.030 0.046 0.052 0.044 0.035 0.030 0.052 0.069 0.041 0.004 0.003 0.011 0.009 0.021 0.033 0.026 0.029 0.017 0.017 0.014 0.010 0.039 0.018 0.014 0.026 0.044 0.079 0.044 0.049 0.028 0.023 0.020 0.013 0.001
0.064 0.027 0.052 0.080 0.086 0.095 0.100 0.069 0.049 0.016 0.005 0.056 0.074 0.117 0.132 0.063 0.017 0.056 0.047 0.030 0.015 0.009 0.017 0.038 0.049 0.049 0.030 0.022 0.001 0.035 0.042 0.030 0.044 0.023 0.037 0.061 0.049 0.047 0.051 0.058 0.077 0.049 0.013 0.027 0.036 0.038 0.028 0.014 0.044 0.042 0.041 0.062 0.023 0.008 0.005 0.020 0.035 0.027 0.029 0.031 0.014 0.012 0.013 0.019 0.008 0.008 0.020 0.016 0.017 0.045 0.061 0.024 0.036 0.031 0.018 0.005 0.023
0.021 0.050 0.044 0.045 0.068 0.105 0.082 0.013 0.027 0.058 0.061 0.106 0.092 0.086 0.166 0.172 0.118 0.075 0.059 0.029 0.006 0.013 0.009 0.033 0.062 0.067 0.049 0.043 0.034 0.013 0.037 0.036 0.044 0.034 0.044 0.049 0.050 0.053 0.059 0.059 0.053 0.037 0.023 0.020 0.011 0.015 0.027 0.022 0.039 0.028 0.022 0.038 0.038 0.026 0.014 0.030 0.033 0.047 0.024 0.015 0.006 0.010 0.009 0.011 0.010 0.008 0.018 0.021 0.031 0.022 0.037 0.036 0.038 0.017 0.021 0.027 0.019
0.040 0.046 0.074 0.050 0.014 0.041 0.030 0.044 0.092 0.112 0.092 0.111 0.096 0.068 0.131 0.152 0.155 0.115 0.038 0.027 0.023 0.006 0.013 0.021 0.056 0.081 0.075 0.062 0.060 0.050 0.029 0.006 0.039 0.068 0.028 0.036 0.050 0.051 0.059 0.052 0.045 0.028 0.020 0.003 0.016 0.020 0.024 0.022 0.061 0.033 0.026 0.019 0.028 0.042 0.034 0.009 0.038 0.040 0.015 0.006 0.006 0.001 0.011 0.017 0.012 0.012 0.022 0.031 0.016 0.013 0.026 0.034 0.017 0.006 0.015 0.019 0.028
0.074 0.066 0.050 0.039 0.050 0.092 0.110 0.104 0.153 0.094 0.119 0.089 0.066 0.046 0.077 0.114 0.122 0.111 0.093 0.039 0.010 0.011 0.015 0.033 0.032 0.067 0.071 0.064 0.063 0.057 0.059 0.054 0.047 0.025 0.049 0.052 0.052 0.053 0.051 0.043 0.033 0.019 0.007 0.015 0.007 0.008 0.014 0.030 0.062 0.040 0.051 0.037 0.033 0.037 0.046 0.034 0.026 0.020 0.022 0.021 0.006 0.005 0.019 0.015 0.008 0.012 0.019 0.020 0.015 0.019 0.015 0.028 0.026 0.011 0.006 0.029 0.038
0.066 0.063 0.011 0.032 0.102 0.165 0.156 0.169 0.137 0.078 0.109 0.024 0.046 0.018 0.012 0.039 0.087 0.092 0.123 0.070 0.021 0.006 0.033 0.024 0.003 0.039 0.057 0.058 0.051 0.042 0.047 0.041 0.054 0.080 0.043 0.025 0.041 0.043 0.036 0.030 0.027 0.005 0.015 0.003 0.021 0.013 0.005 0.046 0.049 0.040 0.023 0.033 0.020 0.023 0.056 0.063 0.033 0.019 0.030 0.022 0.003 0.012 0.018 0.007 0.008 0.010 0.010 0.009 0.017 0.017 0.020 0.020 0.020 0.022 0.057 0.061 0.029
0.018 0.052 0.066 0.083 0.163 0.165 0.109 0.106 0.048 0.046 0.052 0.053 0.035 0.024 0.018 0.025 0.064 0.099 0.108 0.059 0.024 0.028 0.034 0.043 0.039 0.035 0.060 0.042 0.039 0.041 0.034 0.031 0.023 0.037 0.072 0.071 0.028 0.024 0.023 0.020 0.013 0.014 0.008 0.026 0.024 0.011 0.016 0.010 0.056 0.037 0.053 0.044 0.039 0.048 0.015 0.071 0.076 0.044 0.036 0.018 0.003 0.013 0.015 0.006 0.008 0.008 0.009 0.013 0.012 0.014 0.013 0.005 0.013 0.052 0.057 0.021 0.049
0.100 0.097 0.061 0.119 0.145 0.109 0.039 0.011 0.000 0.003 0.030 0.049 0.047 0.040 0.078 0.118 0.128 0.095 0.061 0.053 0.024 0.038 0.044 0.078 0.073 0.083 0.080 0.069 0.029 0.039 0.041 0.022 0.025 0.046 0.067 0.063 0.035 0.016 0.007 0.013 0.023 0.018 0.029 0.020 0.015 0.030 0.033 0.019 0.030 0.008 0.034 0.058 0.049 0.070 0.075 0.030 0.081 0.076 0.063 0.035 0.004 0.009 0.016 0.010 0.007 0.010 0.009 0.012 0.009 0.007 0.008 0.006 0.012 0.032 0.051 0.055 0.004
0.132 0.081 0.060 0.126 0.118 0.061 0.012 0.000 0.000 0.013 0.046 0.051 0.058 0.100 0.150 0.167 0.139 0.101 0.063 0.011 0.039 0.043 0.043 0.058 0.086 0.115 0.085 0.050 0.062 0.054 0.061 0.066 0.069 0.044 0.037 0.052 0.042 0.032 0.031 0.018 0.012 0.024 0.024 0.025 0.024 0.021 0.017 0.024 0.025 0.026 0.023 0.015 0.015 0.023 0.097 0.078 0.032 0.098 0.089 0.035 0.004 0.010 0.011 0.009 0.008 0.005 0.008 0.015 0.009 0.011 0.017 0.010 0.011 0.017 0.034 0.061 0.057
0.148 0.121 0.133 0.150 0.095 0.019 0.007 0.004 0.007 0.048 0.066 0.057 0.064 0.145 0.166 0.095 0.071 0.054 0.043 0.041 0.038 0.014 0.024 0.044 0.067 0.070 0.079 0.050 0.082 0.085 0.084 0.075 0.060 0.028 0.017 0.028 0.025 0.030 0.015 0.040 0.039 0.035 0.024 0.015 0.015 0.008 0.002 0.003 0.012 0.017 0.005 0.006 0.024 0.034 0.049 0.126 0.101 0.079 0.095 0.035 0.000 0.007 0.010 0.009 0.009 0.007 0.010 0.013 0.020 0.021 0.017 0.010 0.011 0.011 0.018 0.042 0.064
0.107 0.142 0.157 0.114 0.022 0.006 0.004 0.011 0.056 0.068 0.042 0.031 0.080 0.155 0.095 0.055 0.025 0.031 0.040 0.049 0.023 0.006 0.017 0.044 0.055 0.042 0.035 0.035 0.056 0.074 0.054 0.032 0.032 0.046 0.007 0.032 0.018 0.034 0.056 0.031 0.059 0.099 0.102 0.093 0.057 0.028 0.007 0.009 0.006 0.010 0.014 0.010 0.006 0.036 0.041 0.061 0.093 0.086 0.053 0.021 0.000 0.007 0.007 0.010 0.007 0.012 0.012 0.012 0.015 0.016 0.010 0.007 0.011 0.007 0.012 0.015 0.009
0.037 0.072 0.064 0.019 0.025 0.012 0.012 0.043 0.039 0.032 0.045 0.073 0.125 0.098 0.074 0.071 0.031 0.031 0.044 0.027 0.016 0.021 0.035 0.038 0.067 0.098 0.082 0.039 0.032 0.025 0.022 0.016 0.016 0.048 0.058 0.043 0.049 0.045 0.027 0.076 0.137 0.054 0.074 0.098 0.096 0.062 0.024 0.005 0.010 0.008 0.012 0.018 0.004 0.048 0.037 0.008 0.019 0.038 0.019 0.004 0.003 0.005 0.007 0.007 0.007 0.010 0.006 0.006 0.006 0.007 0.006 0.007 0.010 0.021 0.090 0.109 0.080
0.020 0.011 0.021 0.021 0.018 0.018 0.018 0.029 0.051 0.040 0.022 0.050 0.121 0.142 0.114 0.073 0.046 0.044 0.033 0.025 0.025 0.027 0.019 0.034 0.060 0.077 0.106 0.087 0.058 0.028 0.024 0.049 0.012 0.008 0.034 0.038 0.012 0.015 0.045 0.112 0.019 0.051 0.043 0.054 0.085 0.065 0.032 0.012 0.011 0.013 0.012 0.003 0.028 0.038 0.020 0.007 0.007 0.007 0.006 0.008 0.005 0.005 0.007 0.006 0.007 0.006 0.005 0.009 0.007 0.001 0.001 0.007 0.019 0.095 0.143 0.080 0.076
0.194 0.071 0.034 0.002 0.018 0.013 0.005 0.014 0.029 0.039 0.064 0.103 0.066 0.074 0.138 0.153 0.083 0.029 0.010 0.027 0.025 0.009 0.006 0.047 0.036 0.042 0.094 0.099 0.033 0.040 0.029 0.047 0.053 0.067 0.034 0.051 0.062 0.045 0.041 0.031 0.063 0.056 0.085 0.079 0.059 0.059 0.040 0.017 0.016 0.014 0.019 0.026 0.019 0.050 0.022 0.008 0.006 0.002 0.005 0.007 0.006 0.001 0.008 0.006 0.007 0.005 0.009 0.007 0.005 0.000 0.004 0.002 0.017 0.117 0.119 0.060 0.055
0.223 0.187 0.142 0.084 0.036 0.018 0.034 0.029 0.033 0.060 0.017 0.026 0.075 0.014 0.044 0.103 0.117 0.073 0.040 0.021 0.019 0.004 0.026 0.007 0.064 0.074 0.056 0.071 0.056 0.035 0.049 0.062 0.107 0.080 0.071 0.081 0.021 0.044 0.014 0.034 0.051 0.067 0.066 0.067 0.064 0.042 0.023 0.012 0.005 0.019 0.017 0.016 0.031 0.011 0.039 0.022 0.008 0.006 0.005 0.003 0.005 0.009 0.005 0.007 0.007 0.006 0.009 0.008 0.005 0.006 0.005 0.005 0.002 0.055 0.135 0.110 0.083
0.084 0.148 0.185 0.182 0.100 0.031 0.091 0.087 0.117 0.045 0.038 0.049 0.104 0.122 0.111 0.121 0.095 0.057 0.044 0.031 0.015 0.029 0.032 0.050 0.064 0.034 0.045 0.046 0.072 0.039 0.063 0.091 0.088 0.053 0.040 0.050 0.065 0.043 0.028 0.071 0.057 0.059 0.039 0.034 0.029 0.017 0.011 0.009 0.022 0.027 0.034 0.035 0.024 0.019 0.026 0.023 0.014 0.002 0.003 0.005 0.007 0.006 0.005 0.005 0.006 0.005 0.005 0.005 0.005 0.005 0.001 0.007 0.005 0.003 0.055 0.078 0.036
0.075 0.128 0.118 0.176 0.149 0.083 0.105 0.098 0.161 0.150 0.029 0.096 0.117 0.059 0.023 0.048 0.067 0.060 0.047 0.074 0.058 0.036 0.010 0.016 0.014 0.050 0.075 0.077 0.072 0.048 0.031 0.052 0.034 0.072 0.026 0.062 0.069 0.064 0.056 0.047 0.044 0.037 0.030 0.013 0.003 0.003 0.010 0.036 0.065 0.064 0.065 0.042 0.044 0.019 0.020 0.011 0.020 0.017 0.010 0.005 0.004 0.005 0.003 0.004 0.005 0.007 0.005 0.006 0.005 0.000 0.000 0.002 0.008 0.007 0.006 0.027 0.032
0.068 0.107 0.073 0.142 0.149 0.138 0.111 0.106 0.085 0.159 0.114 0.030 0.070 0.079 0.076 0.080 0.084 0.097 0.058 0.059 0.089 0.053 0.049 0.040 0.059 0.063 0.011 0.033 0.040 0.062 0.020 0.035 0.064 0.069 0.091 0.069 0.049 0.038 0.048 0.048 0.017 0.010 0.015 0.023 0.021 0.019 0.028 0.067 0.092 0.082 0.073 0.054 0.063 0.041 0.028 0.016 0.016 0.017 0.019 0.011 0.006 0.006 0.009 0.006 0.004 0.004 0.004 0.004 0.006 0.004 0.003 0.005 0.005 0.008 0.009 0.013 0.018
0.062 0.076 0.080 0.090 0.134 0.132 0.119 0.097 0.049 0.120 0.136 0.067 0.062 0.085 0.087 0.093 0.103 0.077 0.049 0.043 0.046 0.043 0.026 0.015 0.016 0.040 0.085 0.088 0.093 0.066 0.017 0.041 0.075 0.093 0.072 0.052 0.031 0.012 0.025 0.046 0.050 0.055 0.081 0.070 0.058 0.033 0.041 0.087 0.057 0.041 0.073 0.068 0.047 0.043 0.042 0.018 0.014 0.012 0.024 0.031 0.011 0.009 0.009 0.005 0.004 0.000 0.000 0.000 0.004 0.004 0.005 0.004 0.002 0.004 0.004 0.013 0.013
