inst/extdata/slope_rotated.asc
NCOLS 340
NROWS 316
XLLCORNER 528502.529920
YLLCORNER 274871.653426
CELLSIZE 100.000000
NODATA_VALUE -99999.000000
[rows 0 to 33 of 316, columns 231 to 307 of 340]
0.145 0.138 0.152 0.124 0.097 0.046 0.001 0.020 0.039 0.069 0.065 0.038 0.050 0.009 0.042 0.083 0.090 0.082 0.042 0.099 0.080 0.041 0.020 0.009 0.009 0.000 0.009 0.067 0.072 0.032 0.021 0.050 0.092 0.109 0.052 0.074 0.086 0.052 0.019 0.012 0.009 0.008 0.008 0.032 0.080 0.089 0.031 0.037 0.033 0.009 0.041 0.031 0.028 0.072 0.075 0.045 0.017 0.080 0.082 0.082 0.101 0.093 0.058 0.054 0.069 0.066 0.041 0.133 0.059 0.095 0.043 0.066 0.087 0.118 0.125 0.067 0.018
0.096 0.103 0.116 0.118 0.075 0.036 0.013 0.032 0.052 0.059 0.046 0.033 0.027 0.017 0.028 0.045 0.055 0.047 0.036 0.034 0.043 0.037 0.034 0.016 0.005 0.004 0.015 0.037 0.071 0.053 0.026 0.066 0.113 0.067 0.034 0.044 0.043 0.016 0.008 0.011 0.010 0.009 0.006 0.031 0.074 0.082 0.026 0.037 0.022 0.012 0.026 0.041 0.042 0.055 0.067 0.052 0.024 0.050 0.072 0.075 0.084 0.057 0.036 0.047 0.068 0.025 0.083 0.082 0.057 0.139 0.055 0.045 0.045 0.070 0.067 0.035 0.021
0.030 0.040 0.038 0.064 0.042 0.017 0.022 0.034 0.049 0.034 0.029 0.054 0.030 0.011 0.017 0.036 0.040 0.037 0.047 0.015 0.054 0.050 0.049 0.041 0.022 0.004 0.027 0.010 0.052 0.049 0.044 0.087 0.091 0.036 0.062 0.063 0.037 0.016 0.009 0.009 0.012 0.013 0.015 0.031 0.052 0.064 0.018 0.022 0.010 0.014 0.010 0.046 0.064 0.025 0.052 0.076 0.043 0.024 0.055 0.060 0.052 0.033 0.034 0.050 0.039 0.063 0.062 0.044 0.104 0.122 0.060 0.029 0.005 0.017 0.009 0.016 0.021
0.011 0.015 0.009 0.005 0.010 0.015 0.023 0.044 0.053 0.027 0.019 0.015 0.044 0.033 0.025 0.049 0.064 0.023 0.040 0.050 0.017 0.036 0.053 0.052 0.048 0.017 0.013 0.018 0.050 0.049 0.057 0.076 0.054 0.020 0.053 0.058 0.048 0.025 0.014 0.014 0.015 0.017 0.015 0.017 0.054 0.071 0.012 0.019 0.016 0.026 0.028 0.054 0.045 0.054 0.014 0.092 0.073 0.015 0.022 0.024 0.012 0.012 0.017 0.021 0.024 0.036 0.040 0.072 0.072 0.070 0.033 0.029 0.016 0.016 0.008 0.009 0.010
0.004 0.014 0.022 0.019 0.017 0.013 0.010 0.026 0.034 0.027 0.030 0.027 0.035 0.016 0.005 0.061 0.063 0.045 0.038 0.073 0.041 0.022 0.014 0.032 0.054 0.036 0.026 0.042 0.057 0.069 0.080 0.076 0.042 0.021 0.057 0.063 0.051 0.036 0.029 0.021 0.022 0.016 0.018 0.022 0.073 0.066 0.017 0.015 0.020 0.018 0.033 0.068 0.026 0.075 0.052 0.065 0.117 0.074 0.041 0.026 0.041 0.052 0.047 0.016 0.020 0.062 0.073 0.046 0.083 0.079 0.047 0.028 0.032 0.012 0.009 0.007 0.006
0.032 0.074 0.118 0.062 0.028 0.010 0.014 0.020 0.045 0.048 0.024 0.046 0.072 0.044 0.033 0.027 0.051 0.022 0.007 0.050 0.072 0.062 0.059 0.056 0.059 0.018 0.031 0.030 0.026 0.060 0.071 0.050 0.019 0.017 0.048 0.072 0.059 0.042 0.045 0.043 0.040 0.040 0.034 0.042 0.076 0.027 0.046 0.032 0.037 0.020 0.015 0.076 0.053 0.059 0.100 0.037 0.084 0.112 0.068 0.038 0.018 0.010 0.045 0.068 0.074 0.038 0.054 0.080 0.066 0.075 0.039 0.027 0.020 0.015 0.009 0.007 0.002
0.070 0.141 0.114 0.126 0.091 0.057 0.030 0.027 0.027 0.036 0.059 0.095 0.054 0.044 0.014 0.074 0.041 0.033 0.013 0.010 0.041 0.046 0.018 0.037 0.036 0.046 0.056 0.055 0.053 0.037 0.016 0.009 0.017 0.014 0.029 0.053 0.065 0.064 0.056 0.067 0.071 0.071 0.054 0.041 0.063 0.019 0.058 0.038 0.050 0.051 0.018 0.073 0.103 0.018 0.098 0.097 0.026 0.059 0.070 0.054 0.034 0.044 0.049 0.053 0.049 0.049 0.028 0.040 0.050 0.052 0.037 0.018 0.025 0.014 0.008 0.006 0.006
0.119 0.139 0.067 0.134 0.131 0.138 0.117 0.089 0.030 0.054 0.129 0.131 0.025 0.046 0.043 0.065 0.081 0.062 0.035 0.008 0.035 0.051 0.038 0.049 0.039 0.027 0.055 0.087 0.085 0.060 0.052 0.044 0.030 0.045 0.020 0.016 0.031 0.060 0.058 0.060 0.048 0.050 0.055 0.028 0.028 0.055 0.062 0.031 0.054 0.061 0.076 0.052 0.085 0.090 0.062 0.103 0.079 0.069 0.025 0.050 0.070 0.056 0.041 0.067 0.081 0.075 0.068 0.064 0.057 0.049 0.020 0.017 0.016 0.013 0.016 0.006 0.007
0.168 0.102 0.052 0.051 0.086 0.137 0.156 0.142 0.062 0.109 0.135 0.038 0.066 0.038 0.064 0.055 0.033 0.060 0.077 0.018 0.082 0.069 0.045 0.077 0.039 0.009 0.028 0.069 0.097 0.107 0.093 0.082 0.030 0.040 0.036 0.043 0.029 0.021 0.039 0.035 0.024 0.030 0.035 0.013 0.057 0.061 0.046 0.013 0.035 0.012 0.056 0.079 0.064 0.091 0.047 0.105 0.097 0.056 0.052 0.034 0.053 0.069 0.070 0.052 0.048 0.069 0.081 0.074 0.060 0.046 0.023 0.022 0.017 0.010 0.012 0.015 0.011
0.088 0.126 0.154 0.131 0.063 0.045 0.078 0.121 0.123 0.089 0.072 0.030 0.068 0.023 0.066 0.026 0.025 0.017 0.049 0.059 0.066 0.033 0.058 0.067 0.049 0.017 0.009 0.019 0.060 0.063 0.060 0.074 0.045 0.014 0.051 0.047 0.053 0.047 0.021 0.039 0.055 0.050 0.065 0.062 0.067 0.041 0.027 0.013 0.057 0.038 0.057 0.052 0.077 0.084 0.032 0.069 0.083 0.070 0.073 0.047 0.024 0.032 0.041 0.055 0.064 0.074 0.081 0.073 0.053 0.044 0.024 0.028 0.022 0.020 0.012 0.007 0.025
0.178 0.196 0.141 0.097 0.122 0.094 0.021 0.057 0.096 0.066 0.018 0.045 0.040 0.051 0.041 0.022 0.025 0.013 0.025 0.063 0.011 0.030 0.051 0.058 0.054 0.028 0.006 0.001 0.012 0.011 0.019 0.043 0.056 0.010 0.044 0.051 0.082 0.074 0.076 0.064 0.062 0.077 0.075 0.048 0.029 0.033 0.019 0.009 0.061 0.036 0.078 0.024 0.030 0.042 0.029 0.037 0.063 0.070 0.075 0.061 0.047 0.034 0.023 0.057 0.080 0.083 0.077 0.069 0.053 0.048 0.030 0.034 0.025 0.034 0.034 0.022 0.042
0.142 0.087 0.176 0.158 0.078 0.070 0.068 0.048 0.065 0.051 0.028 0.043 0.031 0.044 0.022 0.034 0.026 0.021 0.035 0.038 0.009 0.025 0.052 0.062 0.058 0.036 0.012 0.003 0.013 0.014 0.019 0.017 0.057 0.043 0.041 0.029 0.069 0.086 0.087 0.087 0.088 0.066 0.045 0.026 0.014 0.022 0.024 0.013 0.042 0.052 0.038 0.055 0.036 0.022 0.039 0.025 0.052 0.071 0.072 0.070 0.071 0.072 0.068 0.049 0.038 0.076 0.108 0.102 0.065 0.038 0.043 0.017 0.034 0.033 0.042 0.046 0.019
0.037 0.115 0.186 0.136 0.072 0.087 0.061 0.037 0.055 0.065 0.047 0.048 0.035 0.033 0.045 0.036 0.036 0.035 0.024 0.036 0.021 0.020 0.047 0.063 0.064 0.051 0.024 0.017 0.003 0.033 0.012 0.026 0.040 0.069 0.037 0.038 0.031 0.054 0.066 0.072 0.067 0.020 0.026 0.012 0.012 0.012 0.011 0.013 0.034 0.064 0.030 0.050 0.048 0.052 0.057 0.030 0.033 0.048 0.062 0.063 0.075 0.074 0.079 0.078 0.082 0.064 0.086 0.115 0.077 0.034 0.041 0.025 0.030 0.018 0.021 0.026 0.028
0.044 0.084 0.164 0.190 0.120 0.109 0.046 0.015 0.015 0.041 0.053 0.058 0.044 0.038 0.045 0.044 0.040 0.027 0.021 0.017 0.030 0.018 0.045 0.057 0.055 0.050 0.024 0.021 0.016 0.016 0.038 0.032 0.025 0.038 0.044 0.037 0.023 0.033 0.028 0.029 0.034 0.015 0.034 0.010 0.010 0.006 0.002 0.012 0.016 0.036 0.071 0.064 0.058 0.058 0.046 0.026 0.024 0.034 0.043 0.018 0.039 0.063 0.079 0.101 0.108 0.113 0.106 0.104 0.075 0.035 0.039 0.040 0.013 0.015 0.020 0.015 0.009
0.057 0.072 0.038 0.140 0.178 0.193 0.151 0.056 0.036 0.018 0.024 0.045 0.049 0.022 0.031 0.022 0.019 0.014 0.011 0.013 0.025 0.025 0.040 0.053 0.073 0.068 0.048 0.047 0.014 0.009 0.013 0.011 0.035 0.020 0.002 0.005 0.011 0.006 0.004 0.010 0.020 0.037 0.028 0.008 0.012 0.007 0.012 0.014 0.013 0.024 0.029 0.037 0.042 0.044 0.030 0.013 0.014 0.032 0.054 0.034 0.044 0.033 0.036 0.047 0.041 0.071 0.087 0.063 0.051 0.030 0.022 0.032 0.023 0.010 0.021 0.023 0.015
0.101 0.036 0.045 0.034 0.059 0.108 0.179 0.130 0.082 0.065 0.028 0.006 0.029 0.013 0.017 0.016 0.016 0.005 0.006 0.009 0.005 0.022 0.031 0.062 0.083 0.077 0.022 0.048 0.066 0.022 0.028 0.065 0.063 0.063 0.059 0.066 0.057 0.032 0.014 0.007 0.005 0.024 0.010 0.016 0.020 0.022 0.029 0.023 0.021 0.018 0.036 0.039 0.036 0.029 0.021 0.010 0.017 0.043 0.079 0.057 0.071 0.090 0.088 0.102 0.099 0.054 0.034 0.034 0.046 0.029 0.023 0.026 0.027 0.006 0.033 0.021 0.021
0.133 0.043 0.071 0.102 0.117 0.100 0.021 0.072 0.062 0.053 0.039 0.022 0.004 0.018 0.016 0.018 0.013 0.010 0.020 0.024 0.042 0.071 0.082 0.060 0.062 0.081 0.010 0.052 0.037 0.036 0.066 0.049 0.017 0.045 0.056 0.058 0.061 0.056 0.034 0.031 0.024 0.010 0.007 0.011 0.036 0.042 0.009 0.030 0.033 0.026 0.016 0.046 0.050 0.027 0.021 0.009 0.026 0.066 0.097 0.059 0.058 0.038 0.049 0.060 0.087 0.099 0.058 0.049 0.058 0.067 0.041 0.026 0.020 0.002 0.022 0.027 0.039
0.105 0.096 0.047 0.094 0.109 0.041 0.074 0.045 0.045 0.040 0.025 0.020 0.018 0.010 0.012 0.019 0.010 0.031 0.033 0.030 0.054 0.060 0.042 0.047 0.060 0.055 0.017 0.058 0.025 0.064 0.056 0.007 0.018 0.014 0.002 0.031 0.065 0.033 0.060 0.074 0.042 0.036 0.032 0.015 0.023 0.042 0.048 0.035 0.047 0.031 0.032 0.038 0.030 0.023 0.031 0.021 0.026 0.082 0.105 0.062 0.049 0.068 0.025 0.039 0.053 0.050 0.047 0.048 0.066 0.071 0.048 0.025 0.010 0.013 0.009 0.032 0.036
0.104 0.114 0.118 0.083 0.076 0.080 0.039 0.014 0.050 0.060 0.050 0.031 0.017 0.013 0.013 0.007 0.024 0.028 0.021 0.022 0.054 0.045 0.033 0.028 0.023 0.042 0.046 0.036 0.071 0.053 0.018 0.029 0.010 0.024 0.025 0.040 0.019 0.062 0.088 0.069 0.080 0.067 0.067 0.052 0.020 0.014 0.024 0.040 0.037 0.027 0.033 0.037 0.030 0.022 0.034 0.006 0.063 0.084 0.069 0.084 0.093 0.024 0.013 0.037 0.060 0.072 0.062 0.067 0.073 0.066 0.033 0.012 0.006 0.009 0.022 0.025 0.016
0.139 0.123 0.143 0.137 0.130 0.078 0.035 0.039 0.101 0.083 0.067 0.035 0.016 0.012 0.002 0.012 0.027 0.026 0.011 0.039 0.051 0.020 0.016 0.019 0.040 0.067 0.041 0.019 0.084 0.076 0.005 0.032 0.021 0.010 0.011 0.000 0.037 0.069 0.054 0.051 0.075 0.069 0.057 0.084 0.027 0.019 0.023 0.020 0.023 0.028 0.023 0.021 0.010 0.018 0.035 0.025 0.030 0.075 0.105 0.075 0.033 0.041 0.015 0.062 0.084 0.070 0.059 0.061 0.068 0.052 0.016 0.011 0.011 0.012 0.018 0.013 0.006
0.042 0.074 0.075 0.101 0.079 0.075 0.056 0.089 0.093 0.055 0.050 0.054 0.031 0.024 0.036 0.052 0.034 0.026 0.015 0.035 0.051 0.033 0.028 0.032 0.060 0.052 0.027 0.007 0.059 0.098 0.032 0.032 0.022 0.006 0.007 0.017 0.047 0.058 0.036 0.049 0.041 0.054 0.109 0.091 0.024 0.020 0.031 0.039 0.040 0.021 0.005 0.007 0.032 0.052 0.045 0.021 0.015 0.019 0.035 0.080 0.076 0.008 0.045 0.079 0.076 0.060 0.053 0.054 0.057 0.031 0.013 0.013 0.007 0.007 0.010 0.006 0.001
0.049 0.036 0.038 0.025 0.019 0.036 0.049 0.059 0.043 0.048 0.022 0.073 0.046 0.054 0.057 0.053 0.054 0.037 0.029 0.019 0.042 0.053 0.032 0.036 0.048 0.037 0.022 0.004 0.038 0.105 0.061 0.026 0.034 0.034 0.039 0.049 0.058 0.048 0.024 0.027 0.044 0.054 0.119 0.078 0.045 0.034 0.010 0.033 0.042 0.038 0.018 0.034 0.045 0.029 0.017 0.007 0.013 0.033 0.086 0.097 0.035 0.018 0.053 0.082 0.078 0.051 0.056 0.065 0.058 0.025 0.012 0.007 0.005 0.007 0.005 0.001 0.026
0.030 0.032 0.055 0.061 0.035 0.020 0.019 0.025 0.035 0.014 0.072 0.068 0.064 0.054 0.028 0.020 0.035 0.023 0.029 0.014 0.028 0.058 0.042 0.031 0.046 0.045 0.024 0.007 0.010 0.072 0.096 0.039 0.059 0.056 0.050 0.051 0.029 0.019 0.039 0.071 0.065 0.071 0.085 0.093 0.030 0.065 0.035 0.041 0.057 0.041 0.011 0.012 0.034 0.032 0.023 0.009 0.022 0.075 0.110 0.067 0.024 0.025 0.063 0.090 0.092 0.094 0.085 0.064 0.033 0.013 0.010 0.007 0.008 0.005 0.001 0.026 0.151
0.031 0.020 0.028 0.048 0.044 0.036 0.016 0.026 0.029 0.051 0.060 0.052 0.050 0.035 0.018 0.011 0.009 0.012 0.019 0.016 0.027 0.040 0.043 0.053 0.063 0.047 0.014 0.005 0.016 0.069 0.108 0.071 0.048 0.016 0.003 0.008 0.033 0.068 0.089 0.096 0.077 0.035 0.041 0.076 0.039 0.079 0.032 0.034 0.041 0.024 0.018 0.013 0.045 0.046 0.027 0.014 0.054 0.105 0.093 0.033 0.026 0.019 0.044 0.097 0.118 0.121 0.084 0.038 0.008 0.006 0.006 0.006 0.001 0.001 0.045 0.135 0.258
0.037 0.026 0.028 0.054 0.057 0.017 0.050 0.020 0.019 0.027 0.036 0.035 0.021 0.029 0.025 0.021 0.008 0.006 0.018 0.020 0.027 0.027 0.043 0.074 0.075 0.033 0.008 0.016 0.018 0.053 0.120 0.091 0.015 0.058 0.028 0.031 0.079 0.082 0.112 0.100 0.051 0.007 0.059 0.081 0.069 0.058 0.044 0.013 0.043 0.021 0.021 0.035 0.055 0.049 0.006 0.048 0.081 0.095 0.034 0.043 0.074 0.056 0.059 0.130 0.134 0.114 0.066 0.018 0.003 0.001 0.001 0.001 0.006 0.136 0.225 0.236 0.163
0.043 0.049 0.049 0.052 0.045 0.033 0.049 0.036 0.019 0.033 0.040 0.035 0.028 0.021 0.022 0.024 0.010 0.016 0.002 0.028 0.037 0.027 0.055 0.086 0.065 0.020 0.037 0.040 0.053 0.056 0.108 0.078 0.071 0.055 0.016 0.034 0.065 0.087 0.096 0.086 0.101 0.055 0.099 0.101 0.083 0.050 0.079 0.036 0.070 0.045 0.053 0.073 0.079 0.024 0.051 0.066 0.077 0.049 0.006 0.050 0.065 0.056 0.080 0.119 0.110 0.084 0.047 0.014 0.002 0.000 0.000 0.006 0.143 0.280 0.195 0.135 0.038
0.033 0.079 0.054 0.046 0.007 0.056 0.047 0.064 0.024 0.064 0.037 0.037 0.031 0.021 0.032 0.031 0.012 0.013 0.014 0.024 0.026 0.025 0.091 0.109 0.034 0.078 0.058 0.046 0.058 0.051 0.050 0.098 0.082 0.032 0.035 0.047 0.095 0.101 0.067 0.012 0.094 0.142 0.118 0.115 0.063 0.042 0.087 0.093 0.082 0.035 0.048 0.079 0.047 0.056 0.069 0.076 0.044 0.026 0.007 0.079 0.056 0.055 0.043 0.115 0.089 0.057 0.037 0.014 0.002 0.000 0.000 0.064 0.217 0.184 0.047 0.062 0.052
0.030 0.102 0.057 0.025 0.051 0.066 0.064 0.083 0.034 0.055 0.031 0.035 0.023 0.033 0.036 0.016 0.011 0.015 0.005 0.030 0.029 0.083 0.126 0.060 0.071 0.021 0.038 0.045 0.035 0.017 0.054 0.077 0.090 0.072 0.105 0.116 0.119 0.094 0.060 0.063 0.070 0.122 0.112 0.088 0.032 0.034 0.071 0.074 0.043 0.017 0.037 0.036 0.006 0.065 0.109 0.050 0.058 0.025 0.061 0.135 0.012 0.070 0.008 0.096 0.127 0.097 0.045 0.006 0.000 0.000 0.003 0.078 0.227 0.164 0.044 0.008 0.062
0.070 0.122 0.036 0.053 0.078 0.087 0.059 0.082 0.083 0.041 0.033 0.015 0.027 0.023 0.011 0.012 0.015 0.039 0.020 0.039 0.087 0.108 0.103 0.046 0.113 0.132 0.121 0.127 0.136 0.080 0.056 0.103 0.094 0.135 0.175 0.183 0.159 0.090 0.025 0.090 0.129 0.078 0.055 0.041 0.027 0.026 0.046 0.026 0.030 0.012 0.033 0.033 0.026 0.035 0.068 0.070 0.113 0.100 0.161 0.087 0.099 0.063 0.009 0.062 0.141 0.130 0.035 0.003 0.000 0.000 0.017 0.165 0.209 0.068 0.045 0.071 0.011
0.096 0.149 0.121 0.098 0.095 0.107 0.050 0.080 0.107 0.078 0.075 0.015 0.026 0.037 0.019 0.005 0.017 0.038 0.061 0.063 0.075 0.093 0.077 0.037 0.027 0.045 0.071 0.089 0.127 0.088 0.076 0.095 0.082 0.086 0.095 0.090 0.091 0.128 0.136 0.169 0.112 0.034 0.022 0.022 0.034 0.048 0.016 0.039 0.032 0.010 0.043 0.062 0.053 0.060 0.071 0.032 0.058 0.138 0.122 0.074 0.105 0.033 0.042 0.098 0.167 0.095 0.010 0.001 0.000 0.000 0.032 0.159 0.171 0.069 0.069 0.058 0.074
0.100 0.120 0.156 0.134 0.089 0.066 0.001 0.025 0.037 0.046 0.090 0.080 0.029 0.043 0.027 0.022 0.028 0.047 0.086 0.058 0.083 0.088 0.067 0.024 0.011 0.037 0.039 0.036 0.121 0.096 0.056 0.073 0.044 0.031 0.034 0.036 0.031 0.064 0.129 0.094 0.032 0.017 0.015 0.014 0.032 0.039 0.024 0.054 0.070 0.088 0.095 0.071 0.026 0.032 0.074 0.068 0.062 0.056 0.054 0.117 0.097 0.026 0.058 0.144 0.146 0.045 0.005 0.000 0.000 0.001 0.031 0.102 0.166 0.130 0.083 0.050 0.066
0.062 0.074 0.091 0.028 0.059 0.071 0.059 0.086 0.073 0.080 0.082 0.091 0.056 0.059 0.043 0.036 0.061 0.075 0.069 0.087 0.105 0.050 0.060 0.043 0.045 0.055 0.036 0.044 0.178 0.091 0.100 0.087 0.067 0.053 0.055 0.039 0.064 0.087 0.077 0.073 0.032 0.005 0.012 0.014 0.006 0.013 0.023 0.031 0.060 0.073 0.031 0.003 0.009 0.009 0.052 0.072 0.063 0.036 0.028 0.104 0.138 0.048 0.120 0.152 0.074 0.022 0.001 0.000 0.000 0.004 0.016 0.046 0.064 0.074 0.116 0.080 0.056
0.100 0.069 0.108 0.176 0.147 0.132 0.112 0.117 0.118 0.098 0.077 0.072 0.030 0.047 0.076 0.058 0.066 0.074 0.086 0.092 0.058 0.026 0.075 0.066 0.073 0.037 0.021 0.085 0.163 0.103 0.073 0.111 0.093 0.084 0.059 0.105 0.158 0.153 0.148 0.116 0.102 0.051 0.016 0.009 0.010 0.013 0.013 0.015 0.013 0.010 0.032 0.061 0.051 0.069 0.042 0.018 0.011 0.031 0.022 0.071 0.152 0.132 0.152 0.090 0.037 0.010 0.001 0.000 0.000 0.001 0.037 0.158 0.147 0.050 0.012 0.067 0.043
0.182 0.092 0.197 0.125 0.083 0.061 0.080 0.069 0.081 0.046 0.011 0.035 0.061 0.086 0.052 0.063 0.063 0.084 0.076 0.076 0.049 0.076 0.123 0.066 0.048 0.049 0.035 0.124 0.142 0.080 0.052 0.064 0.095 0.102 0.104 0.171 0.117 0.058 0.075 0.101 0.084 0.085 0.049 0.022 0.012 0.017 0.016 0.007 0.001 0.029 0.060 0.067 0.040 0.025 0.042 0.042 0.035 0.031 0.020 0.015 0.059 0.127 0.081 0.036 0.014 0.006 0.000 0.000 0.001 0.007 0.117 0.163 0.031 0.044 0.008 0.051 0.059
