inst/extdata/slope_rotated.asc
NCOLS 340
NROWS 316
XLLCORNER 528502.529920
YLLCORNER 274871.653426
CELLSIZE 100.000000
NODATA_VALUE -99999.000000
[rows 0 to 33 of 316, columns 154 to 230 of 340]
0.095 0.049 0.102 0.149 0.041 0.035 0.072 0.106 0.112 0.074 0.048 0.029 0.057 0.064 0.045 0.095 0.277 0.276 0.207 0.134 0.018 0.027 0.012 0.000 0.002 0.078 0.141 0.279 0.160 0.085 0.124 0.073 0.064 0.067 0.106 0.084 0.032 0.030 0.052 0.001 0.000 0.000 0.000 0.000 0.000 0.000 0.000 0.009 0.029 0.030 0.025 0.102 0.114 0.067 0.056 0.070 0.021 0.043 0.013 0.003 0.030 0.069 0.181 0.233 0.224 0.114 0.038 0.063 0.061 0.028 0.086 0.155 0.128 0.053 0.074 0.197 0.195
0.071 0.114 0.114 0.143 0.049 0.084 0.061 0.094 0.102 0.083 0.037 0.031 0.095 0.085 0.084 0.228 0.259 0.266 0.269 0.145 0.051 0.031 0.009 0.010 0.015 0.098 0.225 0.226 0.105 0.140 0.124 0.051 0.113 0.123 0.079 0.093 0.055 0.039 0.065 0.024 0.000 0.000 0.000 0.000 0.000 0.005 0.023 0.034 0.054 0.060 0.076 0.071 0.043 0.052 0.064 0.049 0.046 0.054 0.059 0.056 0.066 0.114 0.153 0.145 0.092 0.056 0.074 0.054 0.064 0.018 0.056 0.078 0.052 0.072 0.178 0.190 0.125
0.127 0.104 0.178 0.159 0.177 0.143 0.104 0.148 0.118 0.109 0.058 0.081 0.132 0.189 0.220 0.313 0.190 0.014 0.205 0.229 0.073 0.024 0.018 0.019 0.018 0.030 0.098 0.247 0.302 0.216 0.143 0.074 0.142 0.105 0.168 0.094 0.045 0.059 0.057 0.059 0.009 0.000 0.000 0.000 0.005 0.033 0.056 0.059 0.064 0.040 0.012 0.028 0.041 0.058 0.033 0.039 0.060 0.058 0.091 0.068 0.126 0.166 0.101 0.025 0.118 0.185 0.191 0.157 0.129 0.071 0.008 0.050 0.105 0.205 0.184 0.081 0.032
0.135 0.175 0.146 0.213 0.192 0.130 0.113 0.114 0.134 0.106 0.121 0.107 0.213 0.278 0.290 0.146 0.153 0.274 0.231 0.082 0.025 0.048 0.038 0.018 0.019 0.017 0.008 0.061 0.149 0.182 0.139 0.222 0.129 0.175 0.124 0.103 0.086 0.043 0.079 0.051 0.010 0.007 0.000 0.000 0.024 0.050 0.039 0.028 0.017 0.042 0.042 0.014 0.043 0.008 0.000 0.003 0.036 0.053 0.028 0.087 0.168 0.141 0.111 0.124 0.226 0.151 0.124 0.148 0.140 0.116 0.057 0.132 0.207 0.174 0.068 0.019 0.011
0.071 0.179 0.224 0.218 0.096 0.144 0.120 0.103 0.181 0.036 0.101 0.114 0.272 0.196 0.139 0.190 0.202 0.109 0.052 0.012 0.058 0.195 0.101 0.020 0.015 0.006 0.012 0.009 0.005 0.028 0.033 0.110 0.223 0.123 0.016 0.118 0.117 0.092 0.050 0.046 0.031 0.028 0.007 0.000 0.000 0.024 0.050 0.067 0.053 0.020 0.029 0.022 0.004 0.000 0.008 0.012 0.006 0.004 0.003 0.043 0.110 0.180 0.186 0.216 0.137 0.048 0.132 0.202 0.122 0.017 0.078 0.197 0.176 0.055 0.036 0.024 0.011
0.193 0.138 0.248 0.213 0.084 0.063 0.170 0.212 0.092 0.093 0.125 0.083 0.249 0.143 0.140 0.152 0.121 0.173 0.114 0.050 0.190 0.221 0.191 0.085 0.082 0.042 0.026 0.033 0.008 0.011 0.024 0.020 0.065 0.099 0.128 0.098 0.111 0.139 0.064 0.009 0.025 0.020 0.028 0.018 0.009 0.004 0.019 0.017 0.033 0.021 0.022 0.032 0.016 0.010 0.026 0.030 0.025 0.022 0.016 0.008 0.043 0.072 0.100 0.110 0.036 0.060 0.098 0.145 0.161 0.081 0.130 0.207 0.066 0.018 0.027 0.016 0.022
0.246 0.277 0.220 0.144 0.066 0.215 0.167 0.079 0.071 0.138 0.147 0.106 0.178 0.146 0.020 0.141 0.167 0.165 0.193 0.104 0.291 0.037 0.219 0.053 0.198 0.140 0.047 0.122 0.069 0.021 0.014 0.021 0.016 0.016 0.063 0.147 0.128 0.055 0.052 0.038 0.032 0.034 0.017 0.029 0.031 0.031 0.031 0.030 0.023 0.008 0.007 0.027 0.034 0.036 0.032 0.018 0.023 0.024 0.026 0.019 0.009 0.023 0.021 0.014 0.054 0.067 0.123 0.151 0.154 0.052 0.186 0.147 0.023 0.028 0.034 0.037 0.032
0.172 0.240 0.158 0.101 0.158 0.121 0.150 0.186 0.186 0.133 0.107 0.143 0.060 0.158 0.108 0.052 0.101 0.234 0.085 0.247 0.243 0.156 0.152 0.217 0.191 0.193 0.064 0.181 0.226 0.100 0.036 0.029 0.013 0.011 0.032 0.054 0.059 0.052 0.037 0.005 0.019 0.033 0.015 0.028 0.015 0.026 0.011 0.017 0.008 0.000 0.000 0.018 0.043 0.043 0.018 0.001 0.005 0.010 0.021 0.022 0.018 0.017 0.018 0.070 0.145 0.199 0.197 0.213 0.136 0.093 0.199 0.079 0.036 0.034 0.016 0.043 0.053
0.111 0.078 0.115 0.031 0.069 0.171 0.179 0.205 0.213 0.132 0.025 0.127 0.184 0.154 0.076 0.047 0.184 0.145 0.151 0.246 0.058 0.199 0.058 0.210 0.071 0.180 0.119 0.130 0.228 0.220 0.076 0.034 0.018 0.023 0.030 0.006 0.003 0.008 0.004 0.000 0.016 0.032 0.012 0.029 0.016 0.007 0.000 0.000 0.000 0.016 0.013 0.029 0.038 0.035 0.017 0.002 0.000 0.000 0.011 0.035 0.045 0.042 0.041 0.152 0.216 0.197 0.157 0.048 0.079 0.114 0.163 0.116 0.045 0.027 0.027 0.058 0.141
0.193 0.079 0.056 0.061 0.018 0.021 0.023 0.058 0.144 0.173 0.030 0.151 0.156 0.094 0.067 0.125 0.093 0.098 0.227 0.138 0.083 0.155 0.176 0.158 0.036 0.116 0.164 0.098 0.074 0.228 0.128 0.071 0.069 0.029 0.027 0.036 0.028 0.015 0.009 0.012 0.009 0.031 0.048 0.024 0.022 0.010 0.000 0.000 0.016 0.029 0.028 0.029 0.017 0.024 0.033 0.010 0.000 0.005 0.027 0.064 0.147 0.187 0.152 0.215 0.181 0.051 0.128 0.191 0.200 0.136 0.083 0.135 0.097 0.041 0.035 0.099 0.164
0.073 0.037 0.037 0.120 0.121 0.165 0.117 0.076 0.019 0.117 0.057 0.098 0.012 0.019 0.051 0.065 0.105 0.131 0.120 0.014 0.092 0.090 0.182 0.133 0.031 0.089 0.134 0.121 0.051 0.189 0.128 0.156 0.155 0.087 0.031 0.033 0.045 0.030 0.026 0.029 0.019 0.036 0.047 0.046 0.013 0.002 0.000 0.005 0.032 0.032 0.021 0.016 0.004 0.016 0.028 0.017 0.000 0.017 0.056 0.124 0.128 0.012 0.036 0.043 0.144 0.159 0.225 0.134 0.157 0.241 0.173 0.193 0.058 0.040 0.050 0.077 0.169
0.069 0.026 0.063 0.094 0.175 0.135 0.147 0.104 0.106 0.031 0.040 0.072 0.047 0.059 0.050 0.053 0.046 0.043 0.064 0.063 0.015 0.115 0.066 0.059 0.047 0.093 0.083 0.058 0.105 0.136 0.138 0.178 0.208 0.190 0.094 0.067 0.047 0.028 0.019 0.018 0.024 0.022 0.015 0.030 0.021 0.000 0.005 0.024 0.039 0.014 0.002 0.000 0.009 0.022 0.021 0.010 0.001 0.001 0.019 0.059 0.144 0.177 0.136 0.152 0.166 0.226 0.168 0.078 0.078 0.116 0.163 0.080 0.007 0.012 0.032 0.035 0.083
0.158 0.060 0.066 0.158 0.067 0.164 0.110 0.162 0.086 0.072 0.074 0.134 0.091 0.068 0.042 0.079 0.137 0.061 0.133 0.086 0.095 0.032 0.029 0.049 0.025 0.033 0.036 0.091 0.099 0.107 0.181 0.115 0.141 0.201 0.133 0.067 0.065 0.037 0.012 0.015 0.019 0.002 0.024 0.033 0.008 0.001 0.019 0.030 0.015 0.029 0.030 0.028 0.010 0.019 0.020 0.013 0.004 0.000 0.001 0.010 0.025 0.062 0.050 0.045 0.070 0.100 0.069 0.030 0.017 0.004 0.007 0.016 0.021 0.027 0.023 0.015 0.023
0.150 0.091 0.028 0.116 0.192 0.126 0.210 0.081 0.158 0.047 0.116 0.112 0.086 0.109 0.125 0.136 0.137 0.152 0.126 0.135 0.073 0.067 0.060 0.106 0.093 0.076 0.030 0.040 0.089 0.099 0.093 0.067 0.111 0.176 0.152 0.105 0.056 0.029 0.029 0.029 0.032 0.029 0.025 0.035 0.067 0.041 0.001 0.019 0.030 0.028 0.026 0.039 0.037 0.018 0.021 0.020 0.007 0.015 0.022 0.021 0.034 0.019 0.016 0.021 0.006 0.003 0.013 0.016 0.026 0.025 0.026 0.044 0.041 0.036 0.071 0.051 0.039
0.241 0.087 0.061 0.164 0.250 0.136 0.202 0.131 0.080 0.058 0.096 0.058 0.086 0.164 0.193 0.106 0.136 0.138 0.070 0.146 0.106 0.078 0.151 0.075 0.068 0.099 0.069 0.015 0.019 0.027 0.019 0.010 0.063 0.145 0.164 0.140 0.087 0.046 0.023 0.015 0.020 0.039 0.029 0.047 0.107 0.156 0.114 0.069 0.007 0.001 0.000 0.017 0.039 0.021 0.033 0.032 0.030 0.036 0.030 0.030 0.023 0.055 0.156 0.125 0.066 0.087 0.086 0.053 0.052 0.089 0.109 0.080 0.066 0.073 0.082 0.117 0.099
0.184 0.031 0.162 0.127 0.157 0.038 0.114 0.159 0.174 0.090 0.061 0.176 0.157 0.116 0.176 0.133 0.102 0.160 0.180 0.081 0.139 0.193 0.099 0.117 0.142 0.072 0.008 0.060 0.077 0.073 0.081 0.067 0.045 0.108 0.112 0.124 0.101 0.064 0.030 0.009 0.009 0.019 0.033 0.076 0.106 0.093 0.198 0.198 0.106 0.013 0.000 0.002 0.031 0.030 0.024 0.027 0.027 0.015 0.008 0.012 0.056 0.158 0.172 0.232 0.232 0.250 0.231 0.109 0.058 0.088 0.071 0.056 0.080 0.098 0.105 0.154 0.143
0.181 0.025 0.102 0.202 0.214 0.059 0.124 0.179 0.153 0.123 0.043 0.055 0.197 0.216 0.084 0.164 0.037 0.130 0.175 0.213 0.171 0.064 0.140 0.131 0.067 0.052 0.059 0.116 0.084 0.092 0.085 0.078 0.040 0.112 0.096 0.075 0.091 0.062 0.041 0.033 0.038 0.027 0.023 0.035 0.081 0.107 0.109 0.199 0.201 0.087 0.008 0.000 0.003 0.013 0.029 0.027 0.039 0.002 0.001 0.016 0.047 0.166 0.241 0.094 0.128 0.173 0.196 0.190 0.045 0.045 0.027 0.019 0.038 0.129 0.156 0.116 0.130
0.175 0.067 0.116 0.173 0.164 0.051 0.206 0.214 0.100 0.068 0.059 0.091 0.106 0.226 0.144 0.071 0.083 0.100 0.053 0.074 0.193 0.169 0.105 0.110 0.037 0.033 0.108 0.108 0.095 0.065 0.072 0.075 0.040 0.090 0.067 0.048 0.062 0.071 0.039 0.036 0.051 0.053 0.026 0.017 0.051 0.134 0.133 0.108 0.224 0.137 0.034 0.003 0.023 0.042 0.058 0.130 0.129 0.065 0.033 0.050 0.014 0.065 0.189 0.220 0.155 0.052 0.113 0.144 0.083 0.006 0.034 0.038 0.117 0.172 0.100 0.055 0.104
0.129 0.032 0.075 0.189 0.286 0.089 0.180 0.169 0.086 0.153 0.014 0.106 0.159 0.183 0.134 0.087 0.200 0.212 0.169 0.201 0.185 0.070 0.079 0.063 0.010 0.085 0.102 0.068 0.079 0.061 0.089 0.044 0.013 0.094 0.106 0.076 0.062 0.067 0.043 0.034 0.033 0.063 0.047 0.033 0.035 0.067 0.159 0.037 0.207 0.186 0.079 0.007 0.041 0.051 0.125 0.163 0.125 0.120 0.040 0.079 0.078 0.020 0.097 0.212 0.152 0.013 0.079 0.104 0.083 0.075 0.057 0.109 0.163 0.120 0.079 0.041 0.102
0.156 0.174 0.251 0.228 0.278 0.120 0.099 0.206 0.249 0.136 0.045 0.164 0.202 0.199 0.037 0.142 0.223 0.123 0.033 0.128 0.035 0.051 0.023 0.025 0.056 0.101 0.059 0.101 0.043 0.057 0.119 0.104 0.050 0.085 0.150 0.104 0.063 0.075 0.050 0.025 0.025 0.055 0.064 0.057 0.009 0.081 0.168 0.085 0.151 0.190 0.120 0.038 0.034 0.044 0.146 0.112 0.076 0.115 0.030 0.052 0.079 0.043 0.032 0.152 0.224 0.109 0.075 0.155 0.139 0.104 0.149 0.177 0.185 0.113 0.056 0.035 0.076
0.269 0.228 0.163 0.253 0.191 0.050 0.257 0.215 0.079 0.026 0.097 0.168 0.187 0.111 0.067 0.167 0.133 0.120 0.157 0.048 0.115 0.134 0.099 0.064 0.090 0.085 0.101 0.082 0.017 0.033 0.085 0.126 0.107 0.047 0.127 0.169 0.089 0.066 0.056 0.025 0.021 0.038 0.064 0.074 0.077 0.073 0.117 0.065 0.159 0.127 0.073 0.043 0.022 0.031 0.069 0.117 0.040 0.060 0.025 0.034 0.072 0.076 0.040 0.141 0.206 0.131 0.054 0.100 0.136 0.126 0.166 0.155 0.056 0.021 0.008 0.012 0.022
0.175 0.103 0.068 0.111 0.084 0.108 0.190 0.153 0.122 0.167 0.093 0.197 0.250 0.072 0.178 0.215 0.108 0.093 0.015 0.186 0.152 0.044 0.113 0.065 0.068 0.111 0.096 0.039 0.026 0.057 0.088 0.118 0.126 0.061 0.050 0.162 0.149 0.105 0.085 0.031 0.008 0.038 0.060 0.103 0.146 0.090 0.121 0.061 0.139 0.091 0.056 0.005 0.031 0.031 0.074 0.085 0.051 0.068 0.035 0.046 0.092 0.175 0.171 0.183 0.187 0.180 0.074 0.040 0.017 0.047 0.022 0.047 0.064 0.055 0.048 0.026 0.044
0.070 0.115 0.039 0.144 0.098 0.071 0.194 0.248 0.022 0.215 0.258 0.292 0.190 0.052 0.148 0.157 0.219 0.164 0.195 0.190 0.097 0.117 0.066 0.057 0.111 0.142 0.090 0.055 0.106 0.104 0.083 0.052 0.112 0.117 0.024 0.079 0.144 0.144 0.126 0.063 0.016 0.045 0.094 0.088 0.127 0.160 0.075 0.120 0.190 0.092 0.024 0.031 0.029 0.045 0.100 0.031 0.081 0.015 0.047 0.113 0.116 0.183 0.221 0.163 0.168 0.052 0.079 0.126 0.080 0.118 0.105 0.083 0.080 0.078 0.046 0.032 0.032
0.071 0.148 0.142 0.127 0.031 0.088 0.213 0.186 0.260 0.235 0.232 0.172 0.036 0.049 0.095 0.133 0.164 0.229 0.218 0.136 0.169 0.093 0.118 0.178 0.195 0.101 0.099 0.119 0.076 0.060 0.049 0.060 0.040 0.084 0.074 0.021 0.046 0.100 0.143 0.119 0.014 0.103 0.070 0.082 0.037 0.085 0.057 0.100 0.180 0.121 0.033 0.034 0.027 0.062 0.069 0.078 0.062 0.024 0.041 0.118 0.170 0.103 0.037 0.039 0.083 0.126 0.169 0.132 0.138 0.076 0.054 0.054 0.032 0.064 0.041 0.028 0.014
0.051 0.155 0.124 0.078 0.051 0.064 0.142 0.212 0.236 0.139 0.083 0.046 0.024 0.017 0.036 0.055 0.074 0.114 0.082 0.117 0.201 0.210 0.196 0.124 0.067 0.157 0.165 0.085 0.061 0.059 0.034 0.016 0.105 0.082 0.092 0.029 0.053 0.062 0.064 0.137 0.124 0.108 0.156 0.157 0.146 0.059 0.095 0.158 0.120 0.089 0.037 0.017 0.015 0.018 0.061 0.078 0.027 0.039 0.055 0.078 0.129 0.199 0.204 0.165 0.198 0.213 0.136 0.039 0.063 0.133 0.108 0.061 0.068 0.014 0.037 0.022 0.021
0.041 0.064 0.089 0.091 0.021 0.033 0.064 0.126 0.094 0.036 0.012 0.030 0.089 0.169 0.187 0.112 0.049 0.135 0.208 0.154 0.035 0.059 0.104 0.148 0.153 0.172 0.058 0.073 0.023 0.040 0.032 0.158 0.043 0.098 0.093 0.035 0.089 0.131 0.147 0.173 0.125 0.067 0.081 0.127 0.191 0.082 0.164 0.145 0.089 0.025 0.006 0.007 0.000 0.008 0.014 0.015 0.004 0.014 0.040 0.045 0.082 0.082 0.102 0.111 0.090 0.026 0.091 0.123 0.130 0.076 0.120 0.069 0.024 0.038 0.023 0.018 0.013
0.033 0.027 0.034 0.023 0.028 0.024 0.017 0.031 0.030 0.026 0.077 0.130 0.179 0.146 0.150 0.198 0.145 0.240 0.218 0.211 0.182 0.231 0.191 0.154 0.139 0.068 0.087 0.044 0.073 0.119 0.172 0.112 0.137 0.075 0.047 0.055 0.150 0.156 0.166 0.137 0.091 0.036 0.039 0.080 0.147 0.190 0.162 0.106 0.025 0.000 0.000 0.000 0.000 0.000 0.000 0.000 0.000 0.001 0.021 0.030 0.020 0.025 0.027 0.086 0.160 0.175 0.175 0.153 0.105 0.114 0.060 0.073 0.044 0.029 0.033 0.018 0.049
0.004 0.005 0.011 0.027 0.023 0.018 0.075 0.078 0.033 0.082 0.098 0.095 0.080 0.135 0.110 0.076 0.155 0.152 0.052 0.050 0.064 0.035 0.017 0.027 0.098 0.075 0.036 0.125 0.128 0.141 0.170 0.122 0.117 0.072 0.028 0.085 0.153 0.144 0.115 0.078 0.048 0.030 0.032 0.044 0.061 0.123 0.104 0.019 0.012 0.003 0.009 0.022 0.018 0.016 0.011 0.001 0.000 0.000 0.003 0.019 0.035 0.033 0.095 0.165 0.112 0.075 0.071 0.084 0.072 0.085 0.128 0.089 0.039 0.006 0.032 0.056 0.072
0.021 0.023 0.029 0.041 0.043 0.084 0.083 0.097 0.104 0.080 0.115 0.138 0.087 0.064 0.054 0.066 0.117 0.086 0.072 0.111 0.111 0.149 0.102 0.123 0.023 0.072 0.109 0.106 0.125 0.115 0.059 0.170 0.123 0.069 0.011 0.108 0.160 0.131 0.069 0.042 0.024 0.009 0.016 0.029 0.037 0.030 0.015 0.026 0.013 0.018 0.026 0.026 0.029 0.030 0.028 0.021 0.010 0.021 0.035 0.049 0.059 0.109 0.136 0.135 0.085 0.087 0.097 0.081 0.033 0.029 0.014 0.053 0.050 0.061 0.076 0.090 0.114
0.040 0.025 0.049 0.109 0.117 0.111 0.072 0.090 0.064 0.151 0.091 0.069 0.112 0.133 0.114 0.090 0.056 0.052 0.154 0.126 0.104 0.094 0.153 0.112 0.101 0.037 0.121 0.145 0.110 0.064 0.110 0.151 0.112 0.091 0.022 0.098 0.116 0.160 0.112 0.044 0.016 0.000 0.005 0.014 0.018 0.013 0.015 0.006 0.011 0.019 0.031 0.030 0.008 0.013 0.021 0.031 0.029 0.036 0.034 0.051 0.118 0.184 0.174 0.124 0.124 0.094 0.096 0.026 0.027 0.079 0.090 0.032 0.047 0.092 0.083 0.067 0.063
0.058 0.077 0.126 0.168 0.218 0.217 0.159 0.043 0.131 0.067 0.113 0.057 0.143 0.104 0.087 0.062 0.051 0.122 0.146 0.094 0.074 0.096 0.124 0.175 0.153 0.101 0.087 0.153 0.127 0.033 0.189 0.173 0.082 0.033 0.106 0.165 0.194 0.154 0.088 0.029 0.006 0.002 0.005 0.007 0.009 0.008 0.013 0.018 0.023 0.006 0.006 0.014 0.027 0.018 0.005 0.011 0.032 0.030 0.030 0.078 0.184 0.146 0.112 0.072 0.074 0.073 0.030 0.039 0.068 0.085 0.094 0.074 0.071 0.117 0.097 0.022 0.041
0.084 0.050 0.097 0.174 0.178 0.226 0.262 0.208 0.032 0.118 0.050 0.043 0.134 0.193 0.128 0.099 0.171 0.100 0.106 0.042 0.064 0.090 0.101 0.087 0.120 0.063 0.091 0.140 0.121 0.108 0.230 0.096 0.067 0.165 0.161 0.214 0.177 0.106 0.054 0.009 0.000 0.000 0.004 0.010 0.016 0.015 0.016 0.023 0.032 0.024 0.032 0.028 0.021 0.008 0.003 0.016 0.034 0.040 0.047 0.121 0.185 0.119 0.080 0.067 0.013 0.037 0.050 0.082 0.078 0.071 0.095 0.094 0.083 0.161 0.052 0.094 0.109
0.037 0.066 0.113 0.229 0.214 0.069 0.121 0.288 0.193 0.032 0.035 0.094 0.051 0.142 0.184 0.206 0.143 0.045 0.107 0.068 0.054 0.046 0.092 0.181 0.175 0.057 0.130 0.143 0.058 0.200 0.188 0.099 0.199 0.209 0.164 0.186 0.082 0.045 0.032 0.038 0.003 0.000 0.004 0.014 0.021 0.016 0.030 0.037 0.025 0.029 0.019 0.020 0.044 0.039 0.037 0.050 0.043 0.059 0.121 0.171 0.139 0.112 0.076 0.024 0.044 0.095 0.094 0.071 0.138 0.115 0.090 0.087 0.155 0.158 0.143 0.104 0.175
0.103 0.143 0.207 0.092 0.169 0.127 0.094 0.108 0.261 0.170 0.201 0.133 0.100 0.056 0.074 0.108 0.105 0.095 0.114 0.046 0.053 0.096 0.158 0.189 0.080 0.119 0.166 0.129 0.026 0.176 0.185 0.225 0.215 0.114 0.146 0.093 0.031 0.011 0.007 0.041 0.026 0.001 0.008 0.019 0.021 0.036 0.053 0.041 0.008 0.006 0.019 0.045 0.093 0.131 0.089 0.064 0.049 0.128 0.169 0.161 0.125 0.090 0.041 0.090 0.067 0.074 0.109 0.084 0.133 0.130 0.084 0.020 0.195 0.068 0.211 0.078 0.146
