inst/extdata/slope_rotated.asc
NCOLS 340
NROWS 316
XLLCORNER 528502.529920
YLLCORNER 274871.653426
CELLSIZE 100.000000
NODATA_VALUE -99999.000000
[rows 170 to 203 of 316, columns 0 to 76 of 340]
0.170 0.112 0.094 0.187 0.181 0.195 0.163 0.150 0.200 0.158 0.071 0.021 0.113 0.192 0.173 0.048 0.103 0.181 0.135 0.224 0.096 0.208 0.090 0.062 0.175 0.080 0.185 0.108 0.033 0.212 0.221 0.112 0.132 0.030 0.000 0.043 0.180 0.191 0.129 0.081 0.043 0.085 0.137 0.062 0.049 0.129 0.089 0.063 0.035 0.083 0.061 0.102 0.034 0.131 0.214 0.153 0.061 0.081 0.067 0.029 0.097 0.066 0.052 0.025 0.175 0.298 0.176 0.051 0.045 0.077 0.028 0.085 0.192 0.317 0.156 0.006 0.000
0.084 0.114 0.196 0.060 0.141 0.176 0.104 0.141 0.156 0.105 0.031 0.128 0.251 0.221 0.184 0.133 0.102 0.183 0.102 0.160 0.104 0.185 0.117 0.058 0.110 0.129 0.136 0.026 0.168 0.195 0.113 0.234 0.249 0.131 0.000 0.026 0.121 0.156 0.099 0.132 0.126 0.085 0.036 0.092 0.139 0.085 0.081 0.046 0.100 0.098 0.021 0.098 0.162 0.223 0.149 0.184 0.170 0.166 0.105 0.113 0.097 0.104 0.096 0.011 0.189 0.257 0.179 0.088 0.028 0.044 0.117 0.130 0.232 0.292 0.100 0.094 0.010
0.163 0.100 0.083 0.217 0.174 0.106 0.140 0.125 0.148 0.095 0.082 0.243 0.244 0.110 0.202 0.151 0.059 0.173 0.149 0.053 0.210 0.060 0.139 0.037 0.103 0.136 0.020 0.127 0.195 0.093 0.235 0.090 0.236 0.233 0.023 0.001 0.039 0.146 0.186 0.122 0.095 0.049 0.090 0.166 0.072 0.136 0.124 0.022 0.127 0.100 0.082 0.085 0.120 0.041 0.205 0.189 0.139 0.204 0.089 0.114 0.115 0.143 0.024 0.123 0.316 0.221 0.093 0.060 0.074 0.115 0.142 0.130 0.284 0.171 0.083 0.150 0.178
0.099 0.165 0.192 0.149 0.174 0.159 0.123 0.127 0.098 0.019 0.174 0.249 0.155 0.107 0.218 0.145 0.035 0.161 0.184 0.109 0.137 0.168 0.134 0.085 0.089 0.060 0.141 0.171 0.042 0.230 0.070 0.124 0.228 0.178 0.070 0.003 0.048 0.157 0.158 0.163 0.191 0.132 0.115 0.128 0.151 0.125 0.082 0.035 0.098 0.108 0.066 0.120 0.097 0.195 0.084 0.094 0.231 0.126 0.167 0.098 0.181 0.073 0.042 0.229 0.246 0.110 0.070 0.027 0.099 0.111 0.083 0.189 0.231 0.017 0.175 0.123 0.235
0.130 0.080 0.067 0.067 0.046 0.100 0.091 0.043 0.034 0.079 0.198 0.196 0.087 0.121 0.237 0.157 0.029 0.158 0.176 0.206 0.120 0.151 0.143 0.077 0.064 0.113 0.106 0.044 0.188 0.098 0.140 0.182 0.111 0.161 0.100 0.015 0.010 0.041 0.116 0.111 0.163 0.207 0.175 0.049 0.158 0.176 0.152 0.067 0.054 0.104 0.106 0.040 0.147 0.071 0.092 0.144 0.040 0.181 0.071 0.194 0.190 0.021 0.102 0.217 0.112 0.158 0.127 0.094 0.046 0.112 0.186 0.210 0.060 0.111 0.163 0.107 0.139
0.110 0.169 0.193 0.234 0.230 0.218 0.217 0.191 0.063 0.091 0.165 0.158 0.118 0.044 0.218 0.190 0.063 0.026 0.081 0.144 0.225 0.165 0.148 0.162 0.078 0.157 0.107 0.126 0.122 0.040 0.114 0.147 0.228 0.259 0.239 0.085 0.021 0.096 0.143 0.132 0.123 0.014 0.046 0.149 0.123 0.171 0.128 0.099 0.042 0.056 0.106 0.075 0.097 0.058 0.080 0.082 0.162 0.127 0.146 0.163 0.125 0.028 0.216 0.257 0.146 0.111 0.034 0.106 0.113 0.143 0.205 0.184 0.055 0.149 0.173 0.108 0.077
0.106 0.137 0.164 0.215 0.228 0.194 0.152 0.233 0.123 0.136 0.176 0.141 0.046 0.134 0.213 0.160 0.013 0.160 0.202 0.198 0.137 0.185 0.174 0.075 0.139 0.174 0.136 0.094 0.060 0.031 0.115 0.135 0.113 0.175 0.265 0.134 0.078 0.181 0.228 0.182 0.205 0.210 0.228 0.209 0.180 0.116 0.176 0.090 0.037 0.018 0.076 0.077 0.067 0.035 0.120 0.078 0.111 0.093 0.150 0.239 0.189 0.062 0.262 0.185 0.065 0.090 0.076 0.087 0.099 0.199 0.126 0.063 0.077 0.190 0.119 0.093 0.037
0.133 0.095 0.068 0.025 0.124 0.182 0.217 0.212 0.088 0.105 0.152 0.125 0.077 0.137 0.189 0.106 0.087 0.180 0.163 0.087 0.062 0.092 0.176 0.225 0.105 0.110 0.124 0.050 0.044 0.025 0.005 0.006 0.092 0.208 0.250 0.121 0.069 0.263 0.175 0.009 0.031 0.072 0.144 0.081 0.143 0.129 0.013 0.163 0.112 0.044 0.027 0.051 0.034 0.088 0.039 0.130 0.057 0.075 0.145 0.255 0.211 0.040 0.232 0.201 0.079 0.024 0.088 0.095 0.126 0.045 0.118 0.139 0.072 0.186 0.119 0.078 0.050
0.058 0.118 0.153 0.184 0.160 0.232 0.247 0.183 0.035 0.124 0.130 0.092 0.092 0.085 0.202 0.111 0.054 0.137 0.165 0.237 0.160 0.120 0.121 0.182 0.186 0.095 0.141 0.121 0.091 0.076 0.102 0.144 0.187 0.230 0.249 0.115 0.036 0.144 0.156 0.098 0.050 0.091 0.110 0.035 0.069 0.051 0.118 0.058 0.084 0.075 0.043 0.025 0.033 0.047 0.091 0.031 0.027 0.055 0.099 0.237 0.260 0.058 0.242 0.137 0.082 0.053 0.066 0.143 0.091 0.125 0.100 0.160 0.021 0.130 0.163 0.114 0.039
0.199 0.150 0.145 0.166 0.265 0.266 0.190 0.043 0.074 0.094 0.046 0.077 0.053 0.119 0.176 0.062 0.125 0.093 0.079 0.087 0.176 0.101 0.129 0.113 0.190 0.063 0.131 0.091 0.053 0.113 0.140 0.160 0.143 0.130 0.093 0.014 0.149 0.301 0.190 0.122 0.099 0.073 0.035 0.093 0.025 0.061 0.075 0.137 0.102 0.039 0.033 0.044 0.006 0.038 0.028 0.076 0.105 0.152 0.179 0.244 0.210 0.146 0.312 0.146 0.096 0.037 0.056 0.145 0.073 0.097 0.113 0.169 0.030 0.139 0.128 0.107 0.038
0.054 0.154 0.173 0.144 0.167 0.031 0.128 0.125 0.074 0.101 0.111 0.140 0.086 0.128 0.096 0.090 0.165 0.239 0.200 0.165 0.067 0.058 0.127 0.139 0.130 0.113 0.113 0.155 0.070 0.038 0.063 0.100 0.078 0.173 0.165 0.040 0.263 0.250 0.038 0.015 0.043 0.015 0.084 0.065 0.039 0.067 0.065 0.071 0.043 0.036 0.008 0.033 0.093 0.029 0.065 0.092 0.091 0.094 0.122 0.170 0.086 0.217 0.275 0.163 0.045 0.025 0.081 0.116 0.081 0.062 0.131 0.182 0.039 0.184 0.153 0.090 0.032
0.092 0.052 0.146 0.254 0.112 0.183 0.242 0.177 0.101 0.128 0.186 0.172 0.089 0.181 0.147 0.078 0.205 0.094 0.076 0.186 0.211 0.180 0.091 0.098 0.155 0.158 0.057 0.142 0.060 0.041 0.042 0.068 0.155 0.230 0.122 0.087 0.226 0.199 0.133 0.190 0.127 0.134 0.099 0.017 0.023 0.029 0.063 0.028 0.056 0.073 0.030 0.061 0.095 0.113 0.078 0.028 0.037 0.101 0.182 0.259 0.071 0.201 0.130 0.191 0.159 0.068 0.038 0.072 0.074 0.087 0.164 0.135 0.053 0.176 0.174 0.058 0.048
0.146 0.157 0.186 0.230 0.116 0.247 0.169 0.201 0.121 0.212 0.220 0.083 0.199 0.173 0.087 0.060 0.123 0.189 0.163 0.072 0.122 0.179 0.148 0.062 0.157 0.198 0.018 0.141 0.102 0.112 0.038 0.156 0.193 0.223 0.038 0.037 0.130 0.224 0.171 0.104 0.139 0.130 0.115 0.139 0.067 0.102 0.122 0.145 0.135 0.066 0.035 0.101 0.078 0.109 0.124 0.028 0.079 0.118 0.286 0.215 0.140 0.280 0.183 0.141 0.048 0.090 0.032 0.031 0.078 0.112 0.102 0.178 0.100 0.140 0.176 0.039 0.039
0.221 0.191 0.181 0.051 0.242 0.198 0.110 0.222 0.111 0.167 0.085 0.191 0.149 0.205 0.135 0.026 0.080 0.101 0.145 0.154 0.125 0.139 0.148 0.112 0.236 0.148 0.127 0.094 0.084 0.079 0.192 0.212 0.114 0.052 0.018 0.006 0.039 0.062 0.130 0.131 0.121 0.130 0.176 0.173 0.167 0.162 0.130 0.161 0.094 0.092 0.091 0.025 0.139 0.093 0.145 0.119 0.099 0.209 0.242 0.089 0.188 0.266 0.120 0.057 0.087 0.006 0.024 0.049 0.064 0.064 0.126 0.164 0.130 0.124 0.167 0.092 0.057
0.125 0.134 0.119 0.098 0.194 0.135 0.030 0.175 0.181 0.095 0.234 0.195 0.103 0.136 0.158 0.103 0.216 0.216 0.129 0.197 0.166 0.119 0.195 0.105 0.183 0.029 0.072 0.040 0.083 0.074 0.056 0.094 0.198 0.193 0.045 0.055 0.130 0.167 0.089 0.058 0.145 0.142 0.069 0.051 0.093 0.039 0.060 0.084 0.113 0.047 0.082 0.083 0.111 0.145 0.079 0.191 0.158 0.236 0.132 0.028 0.091 0.230 0.242 0.203 0.109 0.060 0.066 0.008 0.076 0.077 0.061 0.186 0.081 0.136 0.159 0.089 0.020
0.179 0.045 0.161 0.080 0.160 0.109 0.032 0.132 0.207 0.168 0.098 0.065 0.123 0.173 0.067 0.173 0.211 0.091 0.236 0.158 0.172 0.070 0.202 0.192 0.098 0.065 0.061 0.062 0.035 0.066 0.140 0.133 0.116 0.187 0.097 0.113 0.190 0.145 0.239 0.196 0.043 0.097 0.095 0.064 0.042 0.048 0.031 0.070 0.089 0.052 0.057 0.112 0.097 0.143 0.133 0.084 0.078 0.069 0.043 0.010 0.044 0.071 0.161 0.124 0.083 0.068 0.071 0.082 0.041 0.090 0.103 0.108 0.033 0.173 0.114 0.032 0.099
0.170 0.072 0.108 0.162 0.171 0.104 0.050 0.062 0.171 0.242 0.222 0.111 0.085 0.075 0.060 0.106 0.172 0.207 0.062 0.173 0.114 0.040 0.093 0.154 0.101 0.089 0.070 0.047 0.074 0.077 0.055 0.089 0.120 0.251 0.177 0.061 0.200 0.155 0.107 0.248 0.248 0.088 0.116 0.053 0.014 0.037 0.049 0.058 0.043 0.031 0.023 0.040 0.039 0.055 0.166 0.128 0.164 0.186 0.106 0.045 0.133 0.154 0.067 0.232 0.167 0.121 0.087 0.071 0.052 0.057 0.049 0.128 0.092 0.147 0.078 0.024 0.103
0.250 0.112 0.112 0.172 0.060 0.085 0.040 0.059 0.074 0.150 0.200 0.187 0.100 0.142 0.155 0.095 0.153 0.141 0.210 0.174 0.048 0.029 0.094 0.098 0.152 0.092 0.090 0.068 0.082 0.111 0.031 0.067 0.095 0.221 0.161 0.048 0.163 0.188 0.128 0.011 0.205 0.228 0.039 0.103 0.091 0.066 0.048 0.041 0.042 0.025 0.020 0.061 0.076 0.078 0.018 0.152 0.229 0.166 0.037 0.136 0.189 0.151 0.119 0.204 0.222 0.020 0.036 0.017 0.080 0.076 0.110 0.038 0.153 0.088 0.070 0.062 0.124
0.103 0.139 0.099 0.088 0.066 0.091 0.031 0.087 0.162 0.153 0.158 0.177 0.110 0.240 0.188 0.181 0.033 0.123 0.206 0.193 0.112 0.183 0.220 0.176 0.136 0.109 0.132 0.083 0.102 0.045 0.178 0.087 0.178 0.225 0.063 0.014 0.094 0.167 0.142 0.119 0.029 0.172 0.125 0.071 0.092 0.037 0.054 0.065 0.020 0.004 0.048 0.061 0.089 0.127 0.194 0.226 0.174 0.029 0.149 0.238 0.190 0.087 0.186 0.147 0.155 0.191 0.106 0.055 0.060 0.101 0.077 0.066 0.100 0.089 0.107 0.059 0.112
0.020 0.091 0.073 0.063 0.101 0.071 0.032 0.137 0.177 0.129 0.164 0.058 0.186 0.118 0.119 0.197 0.158 0.099 0.212 0.076 0.137 0.206 0.132 0.129 0.069 0.086 0.069 0.123 0.059 0.154 0.082 0.186 0.205 0.181 0.045 0.078 0.037 0.112 0.161 0.137 0.026 0.143 0.125 0.025 0.083 0.082 0.058 0.075 0.063 0.027 0.064 0.047 0.100 0.110 0.093 0.090 0.049 0.121 0.278 0.233 0.169 0.101 0.182 0.168 0.132 0.015 0.079 0.112 0.044 0.042 0.080 0.057 0.135 0.117 0.063 0.037 0.116
0.051 0.069 0.059 0.066 0.082 0.025 0.085 0.179 0.178 0.127 0.152 0.034 0.131 0.156 0.167 0.190 0.162 0.151 0.213 0.045 0.181 0.153 0.057 0.043 0.098 0.078 0.058 0.142 0.080 0.083 0.177 0.141 0.180 0.023 0.147 0.165 0.052 0.134 0.138 0.112 0.050 0.094 0.149 0.117 0.008 0.046 0.051 0.075 0.071 0.030 0.074 0.081 0.107 0.113 0.100 0.125 0.031 0.213 0.250 0.091 0.033 0.056 0.103 0.100 0.114 0.158 0.117 0.029 0.010 0.035 0.047 0.119 0.119 0.059 0.043 0.031 0.051
0.050 0.066 0.074 0.078 0.064 0.092 0.137 0.167 0.143 0.162 0.101 0.100 0.174 0.234 0.180 0.136 0.167 0.213 0.176 0.100 0.177 0.140 0.088 0.124 0.039 0.091 0.086 0.105 0.185 0.098 0.132 0.163 0.085 0.141 0.219 0.176 0.197 0.049 0.165 0.168 0.093 0.094 0.070 0.115 0.097 0.020 0.035 0.075 0.113 0.087 0.072 0.076 0.129 0.128 0.202 0.145 0.053 0.180 0.147 0.241 0.177 0.075 0.039 0.049 0.112 0.088 0.110 0.057 0.028 0.057 0.068 0.097 0.046 0.071 0.038 0.031 0.060
0.027 0.075 0.071 0.031 0.048 0.096 0.207 0.215 0.116 0.112 0.036 0.135 0.229 0.225 0.095 0.075 0.137 0.169 0.073 0.101 0.165 0.187 0.098 0.050 0.108 0.141 0.098 0.030 0.104 0.184 0.178 0.146 0.057 0.218 0.191 0.063 0.238 0.078 0.127 0.136 0.134 0.080 0.040 0.092 0.116 0.051 0.052 0.121 0.136 0.100 0.113 0.093 0.075 0.065 0.206 0.161 0.181 0.262 0.205 0.078 0.136 0.155 0.122 0.073 0.062 0.037 0.116 0.090 0.022 0.064 0.054 0.038 0.031 0.052 0.100 0.058 0.084
0.052 0.080 0.041 0.066 0.094 0.155 0.183 0.148 0.157 0.101 0.096 0.137 0.222 0.205 0.112 0.034 0.071 0.013 0.022 0.061 0.083 0.227 0.232 0.094 0.045 0.094 0.124 0.139 0.125 0.136 0.109 0.018 0.143 0.219 0.069 0.110 0.156 0.109 0.059 0.097 0.102 0.073 0.097 0.095 0.151 0.053 0.106 0.088 0.121 0.168 0.047 0.093 0.112 0.151 0.148 0.001 0.221 0.178 0.083 0.135 0.130 0.020 0.051 0.088 0.122 0.066 0.079 0.110 0.028 0.049 0.017 0.023 0.056 0.103 0.130 0.134 0.096
0.084 0.050 0.063 0.097 0.161 0.170 0.247 0.200 0.065 0.118 0.220 0.273 0.280 0.140 0.063 0.009 0.077 0.167 0.217 0.241 0.276 0.293 0.142 0.049 0.042 0.027 0.126 0.064 0.183 0.118 0.004 0.121 0.211 0.224 0.031 0.160 0.128 0.064 0.027 0.056 0.043 0.080 0.189 0.096 0.153 0.074 0.084 0.094 0.172 0.055 0.165 0.092 0.032 0.128 0.237 0.084 0.234 0.217 0.038 0.081 0.078 0.091 0.080 0.041 0.077 0.095 0.009 0.150 0.085 0.075 0.024 0.039 0.080 0.088 0.053 0.106 0.162
0.034 0.032 0.088 0.152 0.108 0.168 0.179 0.125 0.078 0.241 0.289 0.260 0.122 0.097 0.030 0.094 0.164 0.172 0.164 0.222 0.191 0.128 0.047 0.065 0.067 0.070 0.067 0.187 0.179 0.044 0.115 0.250 0.317 0.247 0.126 0.101 0.165 0.161 0.010 0.065 0.076 0.142 0.155 0.035 0.138 0.073 0.099 0.152 0.042 0.187 0.144 0.135 0.143 0.089 0.164 0.187 0.082 0.309 0.206 0.010 0.039 0.071 0.035 0.048 0.106 0.114 0.124 0.143 0.189 0.139 0.098 0.067 0.037 0.049 0.044 0.074 0.057
0.029 0.066 0.049 0.082 0.208 0.213 0.158 0.009 0.205 0.276 0.168 0.120 0.088 0.009 0.032 0.091 0.137 0.168 0.209 0.125 0.081 0.065 0.045 0.043 0.103 0.124 0.081 0.240 0.096 0.070 0.229 0.286 0.254 0.137 0.198 0.098 0.141 0.150 0.056 0.105 0.052 0.031 0.164 0.115 0.122 0.047 0.208 0.190 0.189 0.137 0.070 0.039 0.084 0.128 0.137 0.085 0.048 0.068 0.267 0.242 0.204 0.169 0.114 0.143 0.163 0.109 0.111 0.065 0.127 0.169 0.170 0.076 0.065 0.049 0.068 0.095 0.136
0.117 0.084 0.137 0.145 0.155 0.245 0.153 0.205 0.244 0.169 0.110 0.052 0.017 0.072 0.063 0.035 0.069 0.092 0.185 0.237 0.132 0.054 0.033 0.031 0.077 0.163 0.212 0.187 0.027 0.134 0.209 0.232 0.170 0.037 0.234 0.247 0.119 0.083 0.051 0.049 0.074 0.095 0.123 0.170 0.079 0.075 0.240 0.154 0.159 0.224 0.180 0.157 0.150 0.030 0.084 0.133 0.048 0.128 0.100 0.123 0.135 0.132 0.174 0.160 0.130 0.146 0.093 0.076 0.083 0.080 0.189 0.127 0.070 0.057 0.061 0.059 0.020
0.074 0.113 0.121 0.079 0.165 0.154 0.168 0.274 0.164 0.132 0.063 0.017 0.071 0.071 0.173 0.179 0.140 0.223 0.229 0.134 0.044 0.042 0.055 0.069 0.074 0.116 0.154 0.041 0.051 0.132 0.169 0.208 0.196 0.034 0.215 0.231 0.129 0.116 0.118 0.049 0.133 0.186 0.282 0.212 0.120 0.105 0.257 0.114 0.042 0.108 0.119 0.101 0.134 0.091 0.065 0.114 0.014 0.091 0.161 0.153 0.098 0.066 0.183 0.127 0.107 0.133 0.130 0.159 0.171 0.121 0.128 0.160 0.060 0.047 0.025 0.020 0.084
0.057 0.063 0.092 0.154 0.183 0.076 0.230 0.143 0.112 0.066 0.047 0.028 0.061 0.179 0.141 0.181 0.234 0.228 0.184 0.117 0.078 0.087 0.052 0.080 0.107 0.044 0.007 0.076 0.147 0.052 0.090 0.158 0.257 0.142 0.099 0.246 0.162 0.165 0.086 0.063 0.205 0.311 0.261 0.191 0.185 0.228 0.197 0.023 0.147 0.150 0.094 0.066 0.072 0.095 0.021 0.129 0.056 0.127 0.107 0.138 0.125 0.070 0.097 0.161 0.134 0.119 0.095 0.123 0.119 0.207 0.062 0.161 0.075 0.037 0.035 0.050 0.101
0.016 0.057 0.178 0.105 0.140 0.154 0.115 0.170 0.074 0.049 0.029 0.068 0.111 0.093 0.192 0.207 0.182 0.164 0.095 0.092 0.123 0.092 0.037 0.102 0.026 0.028 0.103 0.202 0.202 0.058 0.202 0.239 0.182 0.149 0.051 0.234 0.268 0.114 0.031 0.071 0.243 0.309 0.148 0.060 0.110 0.193 0.072 0.050 0.172 0.174 0.118 0.094 0.070 0.046 0.144 0.145 0.077 0.177 0.069 0.062 0.135 0.019 0.068 0.053 0.068 0.140 0.137 0.097 0.064 0.143 0.185 0.056 0.112 0.063 0.048 0.057 0.016
0.041 0.114 0.068 0.163 0.138 0.102 0.126 0.093 0.097 0.021 0.059 0.104 0.073 0.084 0.151 0.182 0.164 0.052 0.115 0.218 0.173 0.145 0.171 0.089 0.043 0.149 0.203 0.206 0.176 0.114 0.246 0.196 0.181 0.089 0.065 0.188 0.199 0.166 0.098 0.053 0.204 0.323 0.246 0.071 0.033 0.064 0.075 0.125 0.191 0.192 0.089 0.019 0.037 0.052 0.082 0.014 0.154 0.139 0.063 0.057 0.089 0.038 0.163 0.092 0.104 0.041 0.058 0.064 0.059 0.066 0.122 0.075 0.095 0.071 0.043 0.062 0.054
0.116 0.078 0.103 0.098 0.101 0.067 0.090 0.112 0.050 0.047 0.070 0.048 0.090 0.169 0.202 0.154 0.029 0.176 0.228 0.117 0.114 0.176 0.160 0.026 0.175 0.219 0.214 0.157 0.178 0.212 0.187 0.262 0.104 0.011 0.029 0.215 0.314 0.151 0.103 0.038 0.093 0.205 0.275 0.188 0.062 0.044 0.123 0.179 0.165 0.090 0.129 0.093 0.098 0.096 0.114 0.032 0.181 0.132 0.081 0.160 0.135 0.066 0.093 0.187 0.068 0.074 0.117 0.056 0.027 0.066 0.089 0.110 0.036 0.138 0.065 0.039 0.050
0.102 0.064 0.088 0.039 0.085 0.079 0.082 0.060 0.045 0.115 0.166 0.184 0.185 0.157 0.134 0.109 0.198 0.218 0.106 0.088 0.131 0.187 0.118 0.119 0.239 0.213 0.205 0.148 0.138 0.291 0.135 0.241 0.094 0.002 0.142 0.345 0.230 0.084 0.117 0.097 0.062 0.177 0.240 0.184 0.054 0.066 0.149 0.139 0.132 0.182 0.171 0.084 0.041 0.147 0.148 0.099 0.174 0.123 0.009 0.156 0.115 0.150 0.068 0.095 0.159 0.111 0.152 0.145 0.073 0.102 0.047 0.096 0.094 0.119 0.158 0.052 0.051
