inst/extdata/SSURGO_Ksat_rotated.asc
NCOLS 340
NROWS 316
XLLCORNER 528502.529920
YLLCORNER 274871.653426
CELLSIZE 100.000000
NODATA_VALUE -9999.000000
[rows 155 to 185 of 316, columns 138 to 206 of 340]
36.7140 32.5527 13.7448 9.0000 9.0000 12.7293 4.9256 8.5714 6.6973 8.5714 8.5714 0.8055 4.9256 8.5714 8.5714 8.5714 8.5714 0.6111 4.9256 8.5714 8.7054 8.5714 3.1697 8.5714 8.5714 8.5714 8.5714 13.2857 8.5714 8.5714 10.6019 10.7590 0.3013 0.0000 11.5710 9.0000 22.0000 10.1962 8.5714 8.5714 8.5714 9.7091 8.8177 9.0000 6.8281 4.4627 8.5714 0.0000 8.5140 8.5714 0.0000 9.0000 8.5714 8.5714 8.5714 8.5714 8.5714 8.5714 8.5714 7.1253 8.5714 3.1268 4.3164 15.1893 9.7410 9.0000 9.0000 9.0000 9.0000
23.1039 9.0000 2.5789 29.7470 15.5627 9.0000 0.0000 5.9199 0.5198 0.0000 0.0000 9.0000 4.9256 6.5198 8.5714 8.5714 19.7814 11.8069 0.0000 9.6998 2.5789 15.5436 9.0000 6.9338 8.9410 8.5714 12.1573 10.0967 8.5714 8.5714 8.5714 10.8531 8.9222 6.3917 9.0000 9.0000 14.6824 9.0000 8.5714 8.5714 8.5714 8.5714 8.6304 9.0000 6.8281 3.7466 8.5714 6.5030 9.0000 8.3826 6.5030 3.9340 9.0000 8.5714 8.5714 8.5714 8.5714 8.5714 8.5714 8.5714 8.5714 5.0873 3.6789 7.7472 22.4411 15.6056 13.9353 9.0000 9.0000
2.5789 11.6956 18.0976 0.4687 0.4517 18.6360 9.0000 9.0000 9.0000 9.0000 9.0000 9.0000 9.0000 8.5714 8.7576 8.5714 20.1511 19.4322 6.7900 5.6771 5.1826 12.9491 9.0000 13.1680 8.6493 8.5714 8.5714 8.5714 8.5714 8.5714 8.5714 8.5714 10.8040 9.0000 9.0000 9.0000 9.0000 9.0000 8.8966 8.5714 8.5714 8.5714 8.5714 9.0000 6.8281 4.9087 8.5714 8.5714 4.9087 8.2570 8.5714 2.0879 8.5257 8.7576 8.5714 8.5940 8.5714 8.5714 8.5714 8.5714 33.7407 25.0481 35.2309 7.0999 2.8947 11.9264 0.0000 10.1558 9.0000
2.5789 35.0096 9.0000 4.9992 8.5714 8.3770 2.0682 9.0000 2.4852 8.5714 9.0000 8.6020 8.5714 8.6117 8.5714 8.5714 4.2394 10.0931 9.0000 10.5193 8.5714 9.5334 19.6330 9.0000 8.5714 8.5714 8.5714 10.6019 11.2891 8.5714 8.5714 8.5714 11.2464 9.0000 9.0000 7.0322 0.3598 9.0000 9.0000 4.1087 8.5714 8.5714 8.5714 8.9606 8.7959 0.0000 7.8568 8.5714 8.5714 8.5714 8.5714 8.5714 0.7146 9.0000 15.0328 9.6171 8.6117 8.5714 8.5714 8.5714 31.6608 9.2533 9.0000 25.7548 25.7548 17.6147 12.7319 9.0000 9.0000
0.9163 8.3826 1.5565 0.0000 2.6515 38.2961 2.5789 8.8586 2.4387 9.0514 8.5714 8.5714 8.5714 8.5714 8.5714 8.5714 8.5714 2.5789 8.5714 2.5789 11.5352 8.8974 9.8136 8.5714 8.5714 8.5714 8.5714 8.5714 11.8750 8.5714 8.5714 11.0190 9.0000 9.0000 38.2961 2.0684 8.5714 8.1719 9.0000 9.0000 2.6610 8.5714 8.5714 6.2159 9.0000 1.1790 8.5714 8.5714 8.5714 8.5714 8.5714 8.5714 8.5714 9.0000 8.5714 8.9906 8.5714 8.5714 8.5714 8.5714 14.1348 6.8983 20.6250 12.6938 9.0000 9.0000 9.0000 9.0000 9.0000
16.0584 9.0000 8.5714 8.5714 8.5714 38.2961 9.0000 9.0000 5.6168 9.7290 8.5714 8.5714 8.5714 8.5714 8.5714 8.5714 8.5714 5.1396 5.1396 6.2463 2.5789 2.5789 19.6741 8.9558 8.5714 8.5714 8.5714 8.5714 9.0000 8.5714 10.9288 9.0000 9.0000 38.2961 38.2961 8.5714 8.5714 8.1719 9.0000 1.6358 8.5257 4.6080 8.5714 8.5714 9.0000 5.1542 3.3256 8.5714 8.5714 8.5714 8.5714 7.8116 7.2492 7.5683 8.1868 6.2626 7.5848 6.8250 8.5714 8.5714 16.1363 19.6741 16.4840 9.0000 0.3539 0.9281 9.0000 9.0000 24.4539
21.2147 35.5026 8.9903 8.5714 8.5714 0.0000 2.5789 8.3966 8.1442 0.0000 0.8055 2.6796 8.5714 8.5714 8.5714 8.5714 18.4874 3.9828 2.5789 2.5789 3.1421 2.9025 3.1303 9.0000 7.6816 6.4796 7.0781 8.7366 9.2645 9.0000 9.0000 9.0000 14.3580 38.2961 8.8284 8.5714 8.5714 8.1719 9.0000 4.9256 8.5714 8.9903 8.5714 8.5714 2.1719 9.0000 0.0000 8.5714 8.5714 8.5714 8.5714 8.3544 8.5714 6.3150 7.7048 6.4551 6.3150 8.5714 8.5714 8.5714 8.5714 16.8681 0.8458 4.8224 8.5714 8.3583 9.0000 9.0000 20.6250
8.5714 8.5714 14.0479 9.0000 8.5714 0.4734 5.3856 2.5789 9.0000 20.6250 7.7827 8.5714 8.5714 8.5714 8.5714 8.5714 8.5714 18.6095 12.7369 9.0000 9.0000 9.0000 9.0000 9.0000 9.0000 9.0000 9.0000 9.0000 9.0000 9.0000 10.9448 8.5714 8.5714 8.8000 8.5714 8.5714 8.5714 1.9560 6.8281 2.0516 8.5714 8.1550 8.6150 8.0696 0.4951 0.0000 9.0000 6.8281 8.5714 8.6645 8.9752 8.5714 8.5714 8.5714 8.5714 8.3148 6.6819 8.5714 8.5714 6.2626 8.5714 8.5714 8.4380 6.2626 8.4098 9.0000 9.0000 12.3586 12.6990
2.5789 8.2556 8.5714 8.7545 8.5714 0.0000 4.2233 9.0000 2.5789 9.0000 4.4571 8.5714 8.5714 8.5714 8.5714 8.5714 8.5714 15.3879 9.5225 9.0000 17.8503 12.7644 9.0000 28.3029 15.6575 20.6250 9.0000 6.6666 9.0000 9.6938 8.5714 8.5714 8.5714 8.8059 8.5714 8.5714 1.5579 9.0000 0.0000 8.5714 8.5714 8.5714 8.7537 8.5714 8.5714 0.0000 0.4517 9.0000 9.0000 8.5940 7.4505 5.1396 2.5789 2.5789 8.5714 8.5714 6.2626 8.3332 6.2626 6.2626 7.2492 8.4497 6.2626 6.8250 8.4806 9.0000 9.0000 29.0102 30.7478
8.5714 8.5714 8.5714 8.5714 8.5714 3.1823 6.5255 2.6344 1.5636 3.6458 1.4817 8.5714 8.5714 8.5714 8.5714 8.5714 20.6250 18.5135 17.8806 9.9267 12.4042 15.0525 9.0000 38.2961 8.5714 9.0000 2.5158 3.6458 8.1719 9.6938 8.5714 8.5714 8.5714 8.5714 8.5714 8.5714 0.0000 9.0000 0.0000 8.5714 8.5714 6.6980 8.5714 8.5714 8.5714 4.3447 7.4039 1.3693 9.0000 9.0000 2.5789 5.9220 2.6344 2.5789 2.5789 2.5789 3.1421 2.5789 2.9251 2.5789 2.9251 8.1619 8.3770 3.4684 0.0000 14.9693 9.0000 9.0000 12.7293
7.3924 8.6108 8.5714 8.5714 8.5808 38.2961 22.4241 2.5789 8.0142 7.2718 6.4047 2.0684 8.5714 8.5714 10.1674 8.5714 20.3595 9.0000 10.9448 10.0328 7.4203 10.2548 2.5789 8.5714 8.5714 9.0000 3.2061 4.2984 8.1719 11.0778 8.5714 8.5714 8.5714 8.5714 6.5198 6.5198 0.0000 9.0000 9.0000 9.0000 8.5714 8.5714 5.9520 2.5789 6.2626 1.0969 6.2626 6.0498 3.5252 7.9206 7.8214 2.5789 2.5789 2.5789 2.5789 2.5789 2.5789 2.5789 2.5789 17.7399 10.2548 19.5159 17.8475 12.7959 14.9978 16.4812 24.4539 17.6842 13.4137
9.0000 9.0000 9.0000 8.0991 7.6925 15.7446 38.2961 2.5789 8.5714 6.2626 8.5714 8.9863 8.5714 8.5714 20.6250 17.7454 20.1511 9.0000 19.1035 2.5789 5.3227 10.2548 0.0000 8.5714 8.5714 0.0000 13.2857 1.4820 8.4092 11.0778 8.5714 8.5714 8.5714 0.0000 7.3247 1.4769 6.2562 9.0000 8.7545 8.7545 8.8111 8.7103 8.5714 2.5789 5.7535 2.5789 1.4769 2.5789 7.5894 9.0000 9.0000 9.0000 2.9173 2.5789 6.2562 9.0000 8.3379 7.2023 8.2682 8.5714 11.4671 13.1265 19.0241 23.7592 24.4539 12.7293 24.4539 23.8463 9.0000
7.8357 9.0000 8.4015 6.2626 8.5714 38.2961 20.6316 20.6250 17.7162 6.2626 8.5514 8.8018 8.5714 8.5714 20.6250 15.2470 9.0000 12.7293 2.5789 3.8110 20.6250 0.8245 7.0513 2.5789 3.6458 0.0000 13.2857 1.4820 8.4092 11.0778 8.5714 8.5714 8.5714 8.4467 8.5145 11.5417 3.5535 9.0000 8.5714 8.5714 8.5714 8.5714 8.5714 38.2961 6.2626 3.9985 2.5789 6.7674 8.7945 3.6453 4.0250 36.7140 33.1006 10.0342 13.2857 11.8572 7.2612 3.1421 18.2982 8.5714 20.6250 6.4596 20.6271 24.4539 9.0000 9.0000 15.5733 23.0319 20.7246
8.5714 6.4750 6.2626 4.5177 2.5789 7.1253 8.5714 2.7109 18.4163 6.2626 8.5714 8.8018 8.8000 16.8963 19.9535 9.0000 0.0000 7.3657 6.8983 6.8983 15.6478 0.0000 8.5714 8.5714 2.7732 0.0000 8.5714 1.9999 8.4092 8.5714 8.5714 8.5714 8.5714 8.5714 2.5789 12.9931 10.4670 8.4092 8.5714 8.5714 8.5714 8.5714 8.5714 8.5714 8.0142 6.2626 6.0048 7.2638 8.7101 6.2626 8.7527 9.0000 31.2840 8.1476 8.3448 6.4542 7.4714 2.5789 9.4150 8.5714 8.5714 17.7399 21.3278 23.5374 20.6250 24.2327 23.5374 23.5374 32.9185
8.5714 5.4553 8.5714 8.5714 8.3358 7.9535 8.5714 8.5714 9.8144 17.0982 8.5714 9.5263 8.5714 11.9693 14.0509 0.0000 5.6864 20.3759 19.0788 19.8199 0.0000 22.8744 8.5714 8.5714 9.0000 6.9085 8.5714 8.5714 8.1719 8.5714 8.5714 8.5714 8.7034 9.1183 2.5789 6.0107 2.5789 9.0000 8.5714 8.5714 8.5714 8.5714 8.5714 8.5714 8.3333 6.2626 6.2626 8.3913 6.2626 8.3590 8.6306 3.8458 9.0000 7.2492 7.7304 7.4103 5.1396 2.5789 8.0060 7.5683 8.5714 8.5714 12.7717 17.4888 17.4888 16.4745 10.3634 9.7143 14.3766
8.5714 2.6307 6.6980 8.5714 8.9240 8.5714 8.5714 8.5714 8.5714 9.2224 8.5714 8.6611 25.6528 20.6250 17.8197 8.5714 11.8265 7.6448 2.2982 0.0000 68.4305 73.6842 8.9634 9.0000 11.2313 9.2926 8.5714 3.6458 8.1719 8.5714 8.5714 8.5714 9.5263 38.2961 8.9597 6.7376 0.8458 2.9674 22.5437 22.2536 9.7042 8.5714 8.5714 8.5714 8.5714 6.2626 6.2626 6.2626 6.2626 6.2626 6.1788 8.5714 0.0000 6.2626 9.0000 8.3789 3.9828 8.3966 9.5763 8.4068 8.5714 20.6250 15.0790 41.6218 11.6956 18.8539 9.7143 9.7143 9.7143
5.9520 8.5714 8.6492 6.6326 0.7887 8.5714 9.0000 9.0000 13.9164 11.0369 2.9983 38.2961 38.2961 26.0915 17.8197 7.6988 6.7086 6.2626 6.2626 0.4383 9.0000 9.0000 6.5145 13.0134 12.1573 8.5714 8.5714 7.3924 8.1719 8.5714 8.5714 9.4384 12.1828 26.3432 2.5789 2.5789 8.8177 2.5789 2.5789 21.1633 8.5714 8.5714 8.5714 8.5714 8.5714 8.5714 6.3134 6.8152 8.5714 8.5714 7.0149 8.5714 8.5714 8.5714 8.5714 8.5714 8.9752 18.9671 19.3035 8.5714 8.5714 19.5159 4.1284 9.0000 9.0000 63.9447 20.6250 13.4473 9.7143
8.5714 4.1143 2.0684 8.5714 8.5257 9.0000 8.1773 10.2902 10.2902 4.1430 2.5789 6.2620 38.2961 38.2961 10.6066 2.0610 0.0000 6.2626 1.1383 73.6842 9.0000 8.0991 13.0096 8.5714 8.5714 8.5714 8.5714 8.5714 8.1719 8.5714 8.5714 8.5714 24.0591 20.6316 24.4539 3.4071 8.9221 9.0000 6.2562 8.5714 7.2492 7.9535 8.5714 8.5714 8.5714 8.5714 8.5714 8.0142 6.2626 5.1542 7.8303 1.5255 0.3300 8.5714 8.5714 4.6799 8.8966 8.0045 19.3035 10.2372 22.9419 20.6250 29.6768 9.0000 9.0000 9.0000 46.1710 25.5806 15.9627
0.0000 0.7503 8.1542 0.0000 8.9222 2.5789 2.5789 2.5789 4.1284 8.3966 9.0000 14.9834 38.2961 9.2101 20.6250 19.8880 6.2626 6.2626 5.9244 18.9619 12.6257 13.2857 12.7002 8.5714 8.5714 1.5201 2.6796 8.5714 8.9222 11.0778 8.5714 21.6372 24.4539 24.4539 10.0328 8.5714 1.8417 8.0082 9.0000 8.9769 8.3744 6.2626 8.5714 8.5714 8.5714 13.8326 8.3590 8.5714 8.5714 9.7042 7.1184 8.7427 6.5145 8.5714 4.1087 9.0000 8.6651 7.2446 6.2626 17.1591 7.6878 35.6256 6.9926 8.7433 9.0000 9.0000 46.0591 22.2510 15.0790
6.8458 6.8458 29.0545 5.8531 26.4494 14.3200 9.0000 9.0000 9.0000 8.1168 36.6701 14.9607 21.8715 31.4549 6.2626 6.2626 6.2626 6.2626 6.2626 6.2626 6.2626 11.0135 8.5714 8.5714 8.5714 8.5714 1.6520 9.0000 9.0000 8.5714 6.4977 24.1041 24.4539 11.8750 14.8858 24.4539 5.3101 2.5789 7.4631 8.5714 8.5206 9.0000 7.1483 8.3590 9.2676 13.9447 15.5877 8.5714 8.5714 12.6801 9.0000 9.0000 9.0000 0.0000 8.1574 8.9906 8.9752 7.5894 9.0000 6.2626 7.4591 6.3229 9.0000 9.0000 9.0000 9.0000 43.1936 21.8618 9.0000
24.4539 23.3012 12.0210 27.9365 25.1833 9.0000 20.6591 9.8143 9.0000 5.3227 20.6250 9.7143 9.7143 6.3983 6.2626 6.2626 6.2626 6.2626 6.2626 6.2626 7.2332 8.5714 8.5714 9.5263 8.5714 0.3370 5.1542 8.8589 8.5714 11.8750 8.5714 6.2626 21.4184 22.1676 22.4629 24.4539 8.7537 8.5714 8.5714 6.2626 6.2626 8.6748 6.2626 6.4750 19.0184 9.0000 34.0971 51.0113 17.6652 13.2481 10.2492 9.0000 11.6956 9.0000 9.0000 8.5714 12.0004 21.4333 24.2338 8.0142 6.2626 7.3247 9.0000 9.0000 9.0000 9.0000 24.8836 9.0000 9.7143
11.8834 24.4539 9.0000 14.7152 9.9357 25.0904 31.0892 38.2961 23.3520 36.9952 14.7832 9.7143 6.4006 6.2626 6.2626 6.2626 6.2626 9.7143 6.4006 6.2626 6.4219 8.5714 8.5714 9.3103 7.7659 7.7659 0.0000 8.5714 8.5714 9.3686 7.2446 6.2626 8.5714 24.3008 24.1272 21.4184 8.7537 6.4750 6.2626 35.0867 34.9394 9.0000 6.4796 8.5714 9.0000 9.0000 9.0000 9.0000 15.0790 24.0198 17.8244 9.0000 9.0000 38.2961 9.0000 13.2857 29.1625 18.2345 38.0428 7.9563 6.2626 6.2626 6.5199 9.0000 9.0000 9.0000 9.4105 7.9333 9.0671
24.4539 17.6870 15.5357 14.8922 4.1099 15.2027 2.5789 9.7143 26.2085 9.7143 9.7143 7.0888 6.6140 6.2626 7.0888 7.0888 8.7226 38.2961 11.0135 13.2857 7.9436 7.1330 8.5714 8.5714 7.1371 6.7086 8.5714 8.5714 8.5714 8.5714 8.5714 6.3134 6.6864 8.2538 8.0188 11.6842 11.5387 8.5714 6.2626 6.2626 6.2626 6.2626 8.5714 11.1910 9.0000 9.0000 9.0000 9.0000 9.0000 9.0000 9.0000 9.0000 9.0000 31.2264 25.8351 9.0000 18.1817 38.2961 38.2961 7.7528 7.7528 6.4750 7.2390 9.0000 9.0000 9.7143 9.5146 8.1791 9.0000
20.6895 3.4390 2.5789 2.5789 2.5789 2.5789 2.5789 9.7143 13.6643 26.0827 9.7143 9.7143 6.2626 6.2626 10.6897 6.2626 6.2626 31.3988 6.2626 6.2626 9.2316 15.6009 5.1396 4.5216 1.7302 8.2344 8.5714 8.5714 8.5714 8.5714 8.5714 7.6756 6.2626 6.2626 6.2626 8.5714 6.8295 8.5714 6.2626 6.2626 6.2626 6.5817 12.5382 34.5541 17.9394 46.0438 9.0000 9.0000 9.0000 9.0000 9.0000 9.0000 9.0000 9.0000 9.0000 9.0000 25.4713 17.8503 9.8143 9.0000 9.0000 7.6756 8.0684 9.0000 9.0000 9.1724 7.7528 9.0000 9.0000
24.4539 2.5789 24.4539 24.4539 22.3981 2.5789 2.5789 19.6056 38.2961 16.1491 38.2961 35.2856 18.6075 6.2626 13.9929 35.2856 35.2856 11.2612 9.7143 9.0671 9.6938 0.0000 20.6250 31.8908 10.1711 8.5714 8.5714 8.5714 8.5714 8.5714 8.5714 8.5714 6.2626 6.2626 6.2626 8.0142 6.2626 6.4750 6.2626 6.2626 6.2626 8.5714 51.1156 30.0348 9.4308 8.5714 20.0126 9.0000 9.0000 9.0000 9.0000 9.0000 9.0000 9.0000 9.0000 9.0000 30.2181 9.0000 9.0000 9.1562 9.3038 8.9634 9.1562 7.9371 7.9371 7.9371 7.7528 9.0657 9.7143
14.8922 22.9229 0.1490 8.8172 4.1099 2.5789 6.6793 11.0504 9.0000 15.6841 38.2961 12.9931 19.8880 13.9300 30.6287 6.6391 6.9178 9.0000 11.8750 3.6735 2.1798 5.0510 6.2626 38.2961 8.7537 8.5714 8.5714 8.5714 8.5714 8.5714 8.5714 8.5714 8.0142 6.2626 6.2626 6.2626 6.2626 6.2626 6.2626 6.2626 8.3590 8.5714 8.5714 8.0696 8.5714 24.0233 13.5272 15.5357 17.6989 24.4539 9.0000 9.0000 22.0267 21.7807 17.6989 30.2324 30.7105 21.2207 9.0000 9.1724 9.7143 9.0000 9.0000 9.0000 9.0000 8.2223 7.7528 7.9333 9.7143
19.0824 10.4495 7.4505 4.0504 15.3582 2.5789 6.6793 9.7143 5.6791 11.8562 20.6250 6.9338 38.2961 6.2626 8.1126 9.0000 11.8750 9.3973 7.9670 5.0743 6.2626 6.2626 6.2626 30.6182 10.5412 8.5714 8.5714 8.5714 8.5714 8.5714 8.5714 8.5714 7.0111 6.2626 6.2626 6.2626 7.0224 7.4632 6.2626 8.1518 6.2626 8.5714 7.2492 8.4806 28.1799 32.9714 28.1761 28.1761 24.7770 38.2961 9.0000 19.3681 9.0000 15.6036 9.0000 19.5613 16.2925 30.7105 9.0000 9.0000 9.3038 9.0000 9.0000 9.0000 10.1858 9.4827 9.3578 9.0000 9.4827
4.9503 3.1823 8.0082 8.0082 22.9095 19.1750 2.5789 9.0577 8.8875 9.0000 10.0926 9.0000 9.4647 9.0000 9.0000 11.7601 0.0000 1.1160 11.2337 5.6864 6.2626 6.2626 6.2626 26.1493 10.6521 11.8750 8.5714 8.5714 8.5714 8.5714 8.5714 8.5714 8.5714 8.5714 6.2626 8.5714 8.5714 8.5714 8.5714 8.5714 8.5714 6.7674 6.3873 6.2626 9.2731 6.2626 8.5714 11.2068 22.3368 9.2533 9.0000 9.0000 9.0000 9.0000 9.0000 19.5613 17.8247 21.4760 9.0000 9.6634 9.3424 9.0000 9.0000 9.0000 24.3203 9.6698 9.6359 8.8852 9.7143
2.1054 19.1393 5.1132 7.1371 20.6524 2.9910 9.7143 9.7143 9.4385 9.0000 6.8458 6.7597 6.2626 20.6316 9.0000 0.9163 6.2626 6.6864 2.0516 0.1888 8.0142 6.2626 6.2626 18.5135 11.8750 8.5714 6.2626 8.5714 8.5714 8.5714 8.5714 8.5714 8.5714 8.5714 8.5714 8.5714 8.5714 8.5714 8.5714 8.5714 8.5714 8.1521 6.2626 8.0188 6.2626 7.2718 8.5206 13.6690 21.4610 9.0000 20.6316 16.3106 3.9744 9.0000 9.0000 17.0334 11.7841 28.5002 9.0000 9.7143 9.0000 9.0000 14.2392 13.0296 16.0121 13.9709 9.7143 8.8852 9.7143
9.0000 6.5087 5.3227 1.1020 23.8294 7.4011 9.0575 8.2556 7.6172 2.8208 8.5714 5.7926 11.5329 19.9961 9.0000 9.0000 5.6864 6.2626 6.2626 7.2492 7.2492 6.2626 6.2626 19.7227 19.0346 6.3534 6.2626 8.5714 8.5714 8.5714 45.9887 34.0971 8.5714 8.5714 8.5714 8.5714 8.5714 8.5714 9.0000 8.5714 8.5714 6.8198 8.0045 16.9190 10.2846 6.2626 6.2626 14.3847 33.7407 24.4539 13.3916 9.0000 9.0000 35.8549 9.0000 9.0000 12.7709 9.0000 10.9977 9.0737 9.0000 9.0000 23.6721 9.0000 38.2961 20.6316 9.7143 8.8852 9.7143
9.0000 9.0000 5.9012 4.6347 2.5789 19.5961 5.4514 9.0000 6.1864 8.4467 6.2626 6.2626 0.2503 0.7314 2.8136 9.0000 0.0778 6.2626 6.2626 6.2626 6.2626 6.2626 6.2626 8.5714 8.5714 6.2626 8.5714 8.5714 62.1367 8.5714 45.9887 67.7324 8.5714 8.5714 8.5714 8.5714 8.5714 8.9597 9.0000 8.5714 8.5714 6.3150 8.5714 68.8020 11.8053 12.9064 6.2626 6.2626 7.6124 20.0131 62.0833 53.2366 25.0490 22.2857 19.5359 9.9697 9.0000 9.0000 30.7105 9.0000 9.0000 9.0000 30.7105 9.0000 9.0000 17.9970 9.7143 8.8852 9.7143
