inst/extdata/SSURGO_Ksat_rotated.asc
NCOLS 340
NROWS 316
XLLCORNER 528502.529920
YLLCORNER 274871.653426
CELLSIZE 100.000000
NODATA_VALUE -9999.000000
[rows 186 to 216 of 316, columns 69 to 137 of 340]
5.9520 2.5789 14.2999 9.0000 6.2159 0.4734 6.2626 6.0048 6.9178 6.5413 4.7636 6.9178 7.1483 4.7636 8.5029 9.0000 9.0000 9.0000 9.0000 9.0000 9.0000 9.0000 9.0000 17.3125 2.5789 6.8983 17.8425 8.1168 6.5009 20.6250 12.7369 2.5789 19.4337 16.8673 8.5714 2.5789 8.9564 8.6108 5.1627 11.2250 9.0000 11.1110 20.6250 6.5789 20.6250 17.7881 7.9715 8.5714 8.5714 8.5714 11.8750 9.0000 4.5652 7.8214 14.1348 2.5789 6.2623 5.3101 9.0000 38.2961 2.5789 2.5789 2.5789 2.5789 2.5789 1.6343 2.5789 2.5789 1.4882
8.5714 8.8169 12.6934 0.0000 0.0000 0.0000 6.2626 6.1178 11.5771 6.9348 9.0000 5.3971 3.5988 23.4924 3.5416 9.0000 9.0000 9.0000 9.0000 9.0000 9.0000 9.0000 12.3651 10.1988 20.6250 9.4571 4.6606 17.3450 20.6250 20.6250 8.8133 8.8133 1.1846 3.6681 6.0107 2.5789 8.5714 12.8914 11.1651 9.0000 9.0000 20.6250 18.5121 22.9683 22.2886 8.5714 8.5714 8.5714 8.5714 8.5714 3.7242 10.2229 9.0000 9.0000 9.0000 9.0000 9.0000 2.5789 5.0702 12.0210 9.0707 2.5789 2.5789 2.5789 1.5783 5.0896 5.1542 9.0000 9.0000
8.5714 12.5270 8.7054 0.0000 0.0000 34.6971 23.1039 38.2961 30.5658 8.8906 6.2626 19.1073 9.4239 24.4539 0.0000 9.7121 6.7900 8.0171 11.8750 11.6048 9.0000 9.0000 9.0000 17.6842 13.1628 18.9290 1.9383 12.6767 3.6577 1.8741 5.4514 3.0902 2.5789 3.1421 8.2497 13.1788 11.0544 9.0000 0.8458 15.6803 4.1188 9.2636 24.4539 24.4539 20.6250 18.6867 7.8568 0.8055 8.5714 8.5714 8.5714 6.8240 9.0000 9.0000 9.0000 3.1823 9.0000 21.1750 5.9356 37.6317 25.0772 2.5789 2.5789 2.5789 2.5789 0.0000 9.0000 9.0000 38.2961
8.5714 9.1974 8.5714 2.9118 11.8467 38.2961 24.4539 27.4622 6.2626 8.6235 22.7424 10.3419 24.4539 24.4539 1.4125 5.8531 5.8531 10.3419 13.7649 0.5386 10.8558 9.0000 9.0000 9.0000 15.6803 2.0516 7.1371 4.5177 7.1371 2.9250 6.5198 4.0132 4.0250 7.6988 0.0000 8.4802 6.8458 0.8281 2.5789 5.3856 2.5789 10.2108 19.0260 38.2961 9.0000 9.0000 17.8425 17.7399 2.0998 19.1815 4.9367 4.8248 20.1708 2.5789 13.9447 2.5789 4.1284 22.6839 7.8148 2.5789 21.4610 2.5789 2.5789 2.5789 11.7825 6.8281 0.6173 0.0568 8.5714
8.5714 8.5714 17.7162 22.0070 20.6316 34.9557 24.4539 20.6250 16.6805 12.2493 24.4539 24.4539 24.4539 24.4539 24.4539 24.4539 24.4539 24.4539 24.4539 0.9615 7.0382 9.0000 9.0000 9.0000 9.0000 4.4125 8.5714 6.7876 0.0000 2.7788 5.0241 0.0000 5.9677 2.9619 9.0000 0.3564 2.5789 2.5789 2.5789 2.5789 2.5789 7.4505 6.2688 38.2961 7.4505 7.4359 9.0000 8.5714 15.4980 20.6250 20.6250 2.1048 8.5714 20.6250 20.6250 2.8314 11.9692 17.8806 24.4539 2.5789 6.2688 2.5789 8.5714 12.9137 3.5298 2.2225 1.9507 6.2463 5.9677
7.6816 8.5714 20.6302 7.7659 19.7784 20.6300 20.6250 23.7749 21.8220 22.1006 20.6250 24.4539 17.9047 2.2501 24.4539 24.4539 4.3368 2.2982 0.0000 11.7723 9.0000 22.1538 22.8160 9.0000 9.0000 9.9920 18.6867 20.6250 20.6250 20.6250 16.1450 0.0000 0.6111 9.0000 0.0000 2.5789 2.5789 2.5789 2.5789 9.0000 2.5789 2.5789 2.5789 9.0000 8.8544 9.0000 8.6108 11.4802 10.0925 9.0000 20.6250 8.7728 8.5714 20.6250 21.5793 36.8229 11.4802 9.0532 8.5714 14.9834 9.0000 17.4801 8.5714 19.6504 8.4092 0.0000 2.5789 8.5714 8.5714
6.3901 19.5159 20.6254 20.6266 20.6250 20.6250 20.6250 20.6250 21.3203 20.6250 24.4539 24.4539 24.4539 12.1520 6.6451 0.0000 11.0439 11.1869 9.9302 19.8114 23.1904 15.1494 20.7093 9.0000 9.0000 9.0000 18.8884 22.0000 13.0215 9.0000 9.0000 4.6807 8.0511 0.0000 2.3984 2.5789 2.5789 0.2373 9.4074 7.4631 9.0944 2.5789 2.2242 8.4092 13.9164 8.5714 8.5714 19.5826 20.6250 9.0000 73.6842 26.0269 20.6250 12.9931 14.7864 20.6250 8.5714 8.5714 8.5714 8.0770 9.0000 8.5714 8.5714 13.8401 19.3620 6.8983 17.7399 17.7399 8.5714
2.5789 9.0000 10.1988 20.6262 20.6250 20.6250 20.6250 20.6250 21.0198 19.0346 24.1016 24.4539 24.4539 24.4539 21.3863 10.2285 4.3201 2.9177 6.8077 24.4539 2.5789 2.5789 22.4411 15.7145 9.0000 9.0000 9.0000 9.0000 9.0000 9.0000 9.0000 9.0000 9.0000 0.0000 0.0000 0.0000 0.0000 8.6461 10.8313 10.6566 13.2857 2.5789 3.4306 15.6575 8.5714 8.5714 20.1511 2.5789 7.4359 5.3227 2.5789 73.6842 10.9421 10.0997 28.1414 20.6250 19.3820 8.5714 8.5714 8.5714 13.7221 8.5714 8.5714 8.5714 8.5714 15.4743 15.4743 15.4743 8.5714
5.1278 2.5789 9.0000 20.6250 20.6250 20.6250 20.6250 20.6250 20.6250 20.3055 20.2223 21.7036 24.2471 12.9237 9.2050 0.3598 20.4466 20.6250 5.1719 24.4539 22.8942 23.5795 20.6581 9.0000 9.0000 9.0000 11.8053 20.6250 20.6250 20.6250 19.5325 9.0000 9.0000 9.0000 9.0000 9.0000 9.0000 9.0000 9.0000 9.0000 9.0000 0.0585 8.6402 20.6250 8.5714 14.8471 20.6250 7.4505 2.5789 2.6344 3.9828 9.0000 9.4075 8.5714 36.7140 19.6559 20.6250 19.9740 20.5208 8.5714 8.5714 8.5714 6.8198 8.5714 19.6330 9.2636 9.0000 8.5714 8.5714
7.6988 19.5219 20.6262 20.6250 20.6250 20.6250 20.6250 14.5818 11.8750 9.6881 9.6881 11.1869 18.5306 11.1869 4.9367 20.6250 20.6250 17.8425 19.4540 24.4539 22.8346 21.0895 9.0000 6.8983 9.0000 9.0000 11.8053 20.6250 20.6250 20.6250 20.6250 20.6250 16.1429 3.6458 8.5714 0.0000 8.5714 8.8018 8.5714 6.0445 0.0000 7.3657 9.0000 17.8425 17.8425 9.0000 9.0000 9.0000 9.0000 9.0000 9.0000 9.0000 29.2335 31.2840 31.2840 9.0000 20.6250 21.5415 20.7093 19.5826 4.8060 8.5714 6.2626 8.3363 8.5714 10.7839 11.7825 9.0000 8.5714
8.5714 18.7332 20.6316 20.6278 20.6250 9.3114 2.5789 10.2902 20.6250 20.6250 20.6250 20.6250 9.5225 10.0697 11.6637 20.6250 15.4531 21.1542 23.1938 24.4539 21.5490 11.8088 12.9137 2.5789 13.7393 9.0000 9.0000 20.6250 20.0124 11.8053 20.6250 20.6250 8.5714 8.5714 8.5714 8.8966 8.5714 8.1719 8.5714 2.0879 0.0000 3.7242 0.0000 3.4919 9.0000 9.0000 23.8463 7.4505 2.5789 2.5789 6.2101 3.7460 2.5789 9.0000 9.0000 9.0000 17.8503 9.1175 2.5789 11.9264 17.2549 8.0200 6.2626 7.5894 8.5714 10.2372 20.6250 5.1396 8.7576
8.5714 0.7146 20.6316 20.6316 3.7177 8.5422 2.5789 18.9645 20.6250 20.6250 20.6250 9.8336 20.2752 19.6330 19.7961 20.6250 11.4423 20.9848 24.3008 24.1272 10.1019 2.8356 2.5789 19.3383 2.5789 22.0000 9.0000 15.5172 9.0000 20.6250 20.6250 20.6250 8.5714 8.5714 7.8400 8.8966 8.5714 9.0000 8.5714 3.6458 9.3573 8.5714 8.5714 0.7146 9.0000 16.1450 22.0982 19.1750 2.5789 7.8612 9.0000 2.5789 31.9618 4.1284 2.5789 2.5789 9.9562 2.5789 2.5789 8.5714 8.5714 8.5714 8.4068 8.5714 8.5714 2.5789 8.3966 8.0601 8.6651
7.5017 8.5714 19.9585 19.0282 2.5789 8.6291 12.9491 18.9645 20.6250 14.3105 9.6248 20.6250 20.6250 20.6250 21.6457 35.8655 37.0593 23.8340 17.8425 9.0000 9.0000 2.5789 2.5789 3.6213 4.4162 22.0000 9.0000 19.4415 20.6250 20.6250 12.7611 20.6250 17.7162 8.5714 8.5714 8.8187 8.5714 8.5714 8.5714 8.5714 9.0052 8.5714 8.5714 8.5714 4.4777 9.0000 18.8683 13.2857 23.9272 20.6250 20.2011 18.8683 38.2961 2.5789 2.5789 2.5789 7.8340 2.5789 6.7177 8.5714 6.4977 8.3590 13.6690 20.6250 12.3001 8.5714 17.7399 2.9763 17.6842
3.8281 8.5714 0.0000 3.7460 2.5789 2.5789 10.2902 20.6250 38.2961 19.0346 12.3361 20.6250 30.7450 20.6250 20.6250 9.0000 13.9675 26.3539 11.1129 3.1697 2.5789 4.1556 2.5789 2.5789 20.6250 20.9766 18.8628 9.0000 9.0000 16.8563 20.6250 20.6250 8.5714 8.5714 6.2463 6.0107 5.1396 5.4553 5.1396 8.5714 8.5883 8.5714 8.8169 8.9774 12.4791 13.9447 7.4924 7.1540 7.0102 20.6250 19.8682 8.5714 10.4005 9.8146 10.5859 2.5789 2.5789 7.4233 6.2562 2.5789 8.5714 7.2801 9.8144 17.7704 13.5104 19.3820 20.6250 30.7450 16.0697
46.1710 0.7314 0.0000 2.5789 2.5789 17.3416 2.5789 19.1206 20.6250 20.6250 20.6250 31.8908 10.7989 19.6559 20.6250 20.1603 20.6250 16.9908 9.0000 8.6043 2.5789 2.5789 2.5789 2.5789 20.6250 8.9445 22.0000 9.0000 20.6250 20.6250 20.6250 18.5916 8.8757 8.5714 8.5714 11.2068 8.5714 8.0082 8.0082 2.9025 2.6307 3.1421 2.8184 8.5714 4.0250 19.9972 9.0000 2.5789 5.9220 3.1697 20.6250 15.8595 8.5714 6.4796 8.5714 9.0144 2.5789 5.3101 7.5087 8.0082 8.5714 6.4750 8.5714 15.4980 20.6250 12.6342 19.9972 21.1638 34.0317
10.2728 8.8586 55.9028 6.0633 17.6842 2.5789 2.5789 36.6701 20.6250 20.6250 20.6250 21.6457 26.3423 9.0000 11.1339 20.6250 20.6250 9.0000 10.2228 7.0137 2.5789 2.5789 2.5789 16.3056 17.1888 9.0000 17.8157 9.0000 17.8425 11.7825 6.6730 8.5714 8.5714 8.5714 18.7272 8.7527 8.6304 8.6740 8.5714 3.4031 8.6645 7.4714 5.0611 6.8983 17.8425 9.0000 11.5265 9.0000 9.0000 11.7825 20.6250 20.6250 15.0424 10.7603 6.4977 6.2626 9.4368 8.3463 8.5714 8.0188 8.5714 8.5714 11.4565 16.7252 20.6250 9.0000 14.0814 9.8136 9.0000
11.2295 2.5789 12.7879 24.4323 8.5257 9.1420 2.5789 20.4700 20.6250 20.6300 20.6282 30.7450 26.7977 9.0000 9.0000 9.0000 13.9675 9.0000 38.2961 2.5789 2.5789 2.5789 2.5789 2.5789 1.0969 5.0702 16.8750 12.1667 19.6741 0.0000 8.5714 8.5714 8.5714 5.7506 8.7943 8.7545 8.6493 8.5714 8.5714 4.0504 8.9606 5.9677 16.2291 16.1333 19.6107 20.6250 20.6250 14.0509 9.0000 20.0124 20.6250 13.9675 9.0000 17.7162 8.5714 6.2626 7.5683 10.5859 8.5714 6.2626 8.5714 8.5714 19.4262 9.0000 9.0000 10.1988 9.0000 15.0449 20.6250
0.9550 17.6842 13.3714 12.7549 7.8400 2.8136 13.1628 17.9351 20.6250 20.6250 20.6250 0.8458 10.2224 3.5990 38.2961 1.5308 9.0000 10.3881 4.0066 2.5789 2.5789 2.5789 2.5789 2.5789 2.5789 2.3416 9.0000 14.5295 2.5789 0.1944 0.0000 18.6867 6.6973 14.5725 0.8055 8.5714 8.5714 8.5714 8.5714 8.5714 8.9606 7.1253 5.1278 13.9610 13.2857 13.6821 9.9691 9.0000 6.5255 9.0000 9.0000 19.5325 35.1622 21.6116 20.6250 8.5714 6.2626 8.5714 6.6721 8.5714 19.4922 8.5714 8.5714 20.1432 20.6250 9.0000 9.0000 10.7091 20.6250
8.5714 17.6842 5.3436 20.6316 8.5714 2.0516 9.2782 18.5939 19.4337 0.0000 3.7851 2.5789 11.6097 0.6299 6.8458 9.0000 19.8114 18.4911 2.5789 2.5789 2.5789 2.5789 2.5789 2.5789 2.5789 0.2373 9.0000 9.0000 2.7203 16.3056 2.5789 16.7030 15.1888 2.0516 8.5714 6.5030 5.1719 2.1542 8.7527 8.9410 8.6014 8.5714 12.9491 20.6250 13.2857 13.2857 20.3595 9.0000 6.9225 12.5961 9.0000 17.8425 11.7825 20.6250 15.5436 20.6250 8.5714 6.2626 6.7644 8.5714 15.5436 8.8369 13.6690 19.0260 9.8136 9.0000 20.6250 8.5714 18.4911
8.5714 7.3130 7.6875 13.8418 8.5714 8.5714 4.3425 0.8109 5.7926 2.0879 8.4092 13.9675 13.8374 24.2521 0.0000 9.0000 20.6250 4.4398 2.5789 2.5789 2.5789 2.5789 2.5789 2.5789 2.5789 2.5789 9.0000 9.0000 9.0000 5.3688 9.0000 9.0000 0.0000 0.0000 8.5714 6.0823 6.0381 0.3539 8.5714 8.5714 5.4553 4.0250 5.3101 10.2902 10.2902 20.6250 8.5714 20.6250 9.0000 19.9497 35.2751 9.0000 20.6250 20.6250 8.5714 8.5714 8.5714 7.2446 7.1584 8.5714 14.8343 13.9675 9.0000 9.0000 9.0000 9.0000 20.6250 8.5714 20.6250
8.5714 8.5714 2.6796 8.5714 8.4973 8.5714 8.5714 8.5714 8.5714 3.6458 20.6250 20.1572 0.8458 8.1542 8.3583 15.6803 20.6250 18.9290 19.6504 4.0833 14.9834 9.5334 2.5789 2.2101 8.3966 3.7177 4.5863 9.0000 9.0000 9.0000 9.0000 9.0000 9.0000 9.0000 8.1542 7.0322 7.7659 8.5714 3.1421 8.0082 8.5714 8.5714 8.5945 8.4521 2.5789 4.2749 13.8976 8.5714 9.0000 13.9120 22.2857 31.4861 9.0000 20.6250 20.6250 9.5763 6.2626 6.2626 8.5714 8.5714 20.6250 18.5634 19.7961 20.6250 19.6201 9.0000 20.6250 8.5714 8.8448
8.5714 8.5714 2.0684 8.5714 8.5714 8.5714 8.5714 8.5714 7.7111 13.9520 9.2560 20.6250 7.9109 9.0000 11.7825 16.9032 14.5818 20.6250 1.1790 8.5206 20.6250 8.4175 3.1697 7.3268 2.5789 2.5789 32.9185 9.0000 9.0000 9.0000 9.0000 7.6045 6.8458 9.0000 9.0000 0.0000 8.5714 8.3826 8.5714 7.3924 8.6645 9.0000 7.4631 20.2784 21.3203 9.0000 19.1059 8.5714 8.5714 8.5714 8.5714 20.6250 9.0000 9.0000 20.6250 9.6805 8.5714 6.2626 8.5714 20.6250 15.2059 8.5714 15.5274 8.3363 19.5159 13.9164 15.6803 8.5714 8.5714
6.8250 8.5714 8.5714 8.5714 6.3534 8.5714 8.5714 10.7248 2.1268 15.5604 10.0697 9.0000 9.0000 20.6250 20.6250 14.0236 20.6250 20.6250 2.1048 6.2626 4.9772 6.9748 4.2394 14.7746 8.5178 2.5789 30.3390 9.0000 9.0000 2.2225 0.0000 4.9087 4.9087 4.9087 0.0000 9.0000 0.0000 7.7827 4.0226 3.8458 2.4775 2.5789 2.5789 15.6036 24.4539 16.6582 20.6250 8.5714 6.2626 8.4497 10.2372 35.0843 20.6250 14.0509 11.8546 20.6250 8.5714 8.5714 8.3590 11.4802 13.6984 6.2626 7.2492 7.5894 20.1511 16.8563 20.6250 8.5714 11.4802
7.2446 8.5714 8.5714 7.5570 8.5714 8.5714 4.1087 20.4466 20.1572 0.8245 9.0000 3.0367 19.9036 20.6250 20.6250 20.6250 20.6250 20.6250 8.7728 8.3744 5.8918 11.9746 1.9383 3.3446 11.8522 20.4689 14.9834 9.0000 3.1697 1.8741 4.9256 8.5714 8.5714 8.5714 7.8400 0.2041 8.5140 0.0000 8.7959 8.1542 8.1542 9.0000 2.1885 8.4647 24.4539 8.5714 8.5714 8.5714 8.4467 8.3590 20.6250 29.0957 8.6756 20.6250 9.0000 9.9920 12.6342 8.5714 6.4551 8.5714 19.9740 6.4750 6.2626 14.8471 19.5325 9.4308 8.5714 6.2826 8.8448
7.2446 6.2626 6.8152 8.5714 8.5714 6.5198 2.8369 14.6990 3.8062 11.7825 20.6250 6.9338 1.1790 0.7887 13.9865 17.7881 14.4335 15.5755 15.6883 7.9715 8.5714 8.5714 8.5714 6.1378 20.6250 20.6250 19.5826 9.0000 4.5652 0.6173 0.6173 6.5198 6.5198 8.5714 8.5714 8.5714 0.0000 6.8458 9.0000 9.0000 9.0000 0.0000 2.5789 2.5789 2.5789 22.7803 11.4565 7.4505 20.6250 8.8369 8.1521 8.5714 6.2626 20.6250 10.5990 12.5961 10.7839 16.8639 8.5714 6.6864 8.5714 8.5714 6.2626 8.5714 19.7814 8.5714 7.5622 6.2626 8.5714
8.5714 8.4806 8.5714 5.7506 0.3370 0.0000 8.8133 0.8109 10.6066 28.1414 20.6250 8.8133 4.9256 0.7887 20.6250 8.5714 8.5714 7.8711 7.0135 8.5714 7.0111 8.0090 8.5714 13.9385 2.5789 5.3227 6.2101 9.0000 9.0000 9.0000 15.6575 6.5087 0.8361 8.5714 8.5714 8.5714 8.5714 8.5714 9.0000 9.0000 9.0000 5.1542 5.1542 5.1542 5.3688 2.5789 2.5789 9.0000 9.0000 6.5087 8.3333 6.2626 8.4806 17.8197 20.6250 8.5714 17.7162 8.5714 8.5714 8.0142 8.0090 8.5714 6.2626 8.5714 9.6805 8.5714 8.5714 6.2626 8.3739
6.3549 8.5714 8.5714 0.0000 0.0000 8.3770 0.0000 0.7146 37.8953 0.8245 7.7827 8.5714 8.5714 8.5714 17.5218 8.5714 8.5714 8.5714 8.5714 8.5714 8.5714 8.5714 8.5714 10.8690 20.6250 18.9290 2.5789 9.0000 9.0000 9.0000 20.6250 19.1206 8.8544 5.2682 19.4922 8.5714 8.5714 8.5714 2.5158 3.3032 9.0000 0.0000 2.4396 2.3365 1.7727 0.8458 9.0000 11.3475 14.3493 8.0082 8.5714 7.2446 8.5714 20.6250 13.6984 8.5714 8.5714 7.3693 8.5714 8.5714 7.5894 6.6721 6.8198 8.5714 8.5714 8.3924 7.8297 7.7528 8.5714
8.5714 8.4098 8.5714 0.0000 8.5714 6.9980 8.5714 0.0000 29.0545 5.7982 7.9715 8.5714 8.5714 8.5714 8.5714 8.5714 8.5714 8.5714 7.2446 8.3590 8.5714 6.5198 8.5714 20.6250 14.0814 32.8296 30.8228 5.0611 7.0137 9.7509 14.5295 20.6250 4.5232 9.0000 11.7825 8.5714 8.5714 8.5714 8.5714 0.0000 9.0000 0.0000 2.5789 2.5789 3.6213 19.3978 20.6250 20.6250 20.6250 8.5714 8.0188 6.2626 8.5714 8.5714 8.5714 8.5714 6.6864 7.2446 6.2626 8.4380 6.2626 6.2626 6.8198 8.5714 8.5714 8.2252 7.7528 8.5714 8.5962
8.5714 8.5714 8.5714 8.5714 8.5714 8.5714 8.5714 8.1719 12.4153 8.5714 8.5714 8.5714 8.0090 8.5714 8.5714 7.8116 8.3590 8.5714 8.5714 8.5714 6.5030 11.8546 19.6741 9.0000 4.1556 8.4092 20.6250 26.4405 14.5544 10.3405 14.5295 19.5553 19.6107 17.7704 15.6575 1.1846 2.1048 8.5714 8.5714 0.0000 9.0000 0.0000 2.5789 2.5789 2.5789 17.6652 8.5714 8.5714 7.8116 7.2492 7.8229 8.5714 7.6756 6.5007 7.2492 8.5714 6.2626 6.2626 6.2626 6.2626 8.1518 8.5714 8.5714 7.5848 8.1630 7.7528 8.2216 8.5714 9.0000
19.9740 8.5714 8.5714 8.5714 8.5714 8.5714 8.2288 35.7962 0.0000 8.5714 8.5714 8.0142 8.4791 8.3544 8.5714 8.5714 8.3590 8.5714 5.2682 8.5714 14.8760 18.1179 3.1697 4.5863 2.5789 9.0000 2.5789 13.6705 5.7793 9.0000 9.0000 20.6250 19.9353 16.1141 1.8978 8.5714 8.5714 7.8400 8.5714 3.6458 8.9222 8.7959 0.1393 2.5789 2.5789 2.5789 9.5572 2.6796 8.5714 0.8055 16.7215 0.4629 8.5714 6.7674 8.5714 6.4750 6.7674 8.4791 8.5714 8.5714 8.5714 9.6805 8.5714 8.5714 8.5714 7.7528 8.5714 9.0000 9.7143
4.6193 8.5808 8.5714 8.5714 8.5714 8.5714 8.5714 11.3065 8.5714 8.5714 8.5714 7.2390 8.5714 8.6108 8.5714 8.5714 8.5714 8.5714 22.0070 0.0000 14.1329 5.3856 9.0000 2.5789 9.0000 9.0000 9.0000 9.0000 9.0000 9.0000 9.0000 9.0000 9.0000 20.6250 0.4542 8.5714 8.5714 7.7827 8.7527 2.9118 7.4189 1.5565 9.0000 9.0000 9.0000 8.1168 24.4655 16.8391 13.9520 18.0985 36.3558 5.7982 6.4242 8.5714 8.5714 8.5714 6.8198 15.4980 11.4565 8.5714 7.8244 20.6250 8.5714 8.5714 8.5714 8.2252 7.8361 9.6486 7.7528
