inst/extdata/SSURGO_Ksat_rotated.asc
NCOLS 340
NROWS 316
XLLCORNER 528502.529920
YLLCORNER 274871.653426
CELLSIZE 100.000000
NODATA_VALUE -9999.000000
[rows 248 to 278 of 316, columns 0 to 68 of 340]
10.2259 7.5392 9.6939 7.5392 7.0085 10.3793 10.3793 7.5392 7.5392 10.3793 7.2649 6.9485 6.9756 9.0119 9.0000 8.9006 7.5392 8.1602 10.3793 10.3793 9.0000 8.5792 7.2509 7.0135 7.5392 7.5392 7.5392 9.0179 10.3793 9.5539 8.7398 7.8005 7.5392 7.5392 7.5392 7.5392 7.5392 7.5392 9.3329 7.5392 7.5392 7.5392 7.5392 9.8756 10.3793 9.0000 6.9766 11.0807 9.4028 9.0000 9.0000 13.2857 12.9284 13.1885 13.2857 9.3573 12.4239 9.0000 12.9284 12.1692 10.0499 12.8829 9.0000 13.2857 9.7143 13.2857 11.6341 13.2857 9.0000
8.3615 7.5392 7.5392 7.5392 7.1385 10.3793 10.3793 7.5392 7.5392 7.5392 7.2371 7.2371 10.1896 9.0000 10.2153 7.5392 7.5392 7.5392 8.7806 10.3167 10.3793 10.3793 7.5392 7.7777 6.9590 6.9590 6.9590 9.1713 10.3793 6.9590 8.9245 8.4178 7.5392 7.5392 7.5392 7.6236 7.5392 7.5392 9.2532 7.9298 7.0040 7.0979 7.5392 8.2190 10.0464 9.0000 9.8098 9.2475 11.8991 13.2857 13.2857 13.2857 13.2857 13.2857 13.2857 13.2857 10.9771 10.0779 13.2070 9.7783 13.2857 10.8191 12.5956 10.8733 13.2857 13.2857 9.0000 10.0258 13.0794
7.5392 8.9230 7.5392 7.5392 7.5392 10.3793 10.3793 7.5392 7.5392 7.2920 7.2371 7.2371 9.0000 9.0000 10.3793 8.2310 7.5392 9.4586 10.3793 9.2774 9.6939 7.5392 7.5392 9.1453 10.3793 6.9590 7.0990 7.5392 10.2296 6.9590 10.3793 7.3186 7.5392 7.5392 7.5392 8.2246 8.7472 7.5392 10.2371 9.7046 8.9025 7.5392 7.5392 10.3793 10.3793 9.0000 9.0000 11.0807 12.1104 11.2404 10.8721 9.7143 11.5714 13.2857 12.1104 11.5714 12.6934 12.5067 9.7143 10.2079 10.0440 9.0000 13.2857 12.3626 10.6628 9.0000 12.5067 11.4286 12.6934
7.5392 10.1124 7.5723 9.0000 9.1150 9.0000 10.3793 7.6855 7.5392 7.2371 7.2371 9.0000 9.0000 9.0000 10.3793 7.6527 7.5392 7.5392 7.5392 7.7815 10.3793 7.5392 7.5392 6.9590 6.9590 7.5392 7.0990 9.2848 7.7760 6.9590 6.9590 7.5342 7.5392 7.5392 7.5392 10.1768 8.3691 7.5392 8.2246 9.7926 7.8005 7.5392 7.5392 10.3793 10.3793 9.5867 9.0000 11.0807 11.7666 9.7600 13.2857 9.4028 12.8914 10.0499 11.5737 13.2857 9.0000 11.2334 9.4028 9.7143 9.7143 12.9571 12.8829 10.6516 9.0046 9.0000 13.2857 12.9571 13.2857
7.5392 9.7621 7.5392 9.6995 7.5392 9.8636 0.9163 9.0000 7.5392 7.2371 7.2371 9.0000 9.0000 8.6825 7.5392 7.5392 7.5392 7.5392 10.3793 8.4178 7.5392 7.5392 7.1385 6.9590 6.9590 6.9590 7.4003 7.5392 7.5392 6.9590 7.3515 8.2190 7.5392 7.5392 7.5392 7.5392 7.7401 7.5392 7.5392 9.7764 9.7621 7.5392 7.5392 9.5007 10.3793 9.0000 10.3793 13.2857 9.6161 9.9314 13.2857 13.2857 13.2857 13.2857 13.2857 13.2857 10.8125 9.7143 10.0429 9.0000 13.2857 9.7143 10.3699 12.9221 13.2857 9.0000 13.2857 13.2857 12.2599
9.1713 7.8005 7.5392 7.5392 7.5392 8.2246 10.0406 9.0000 6.9264 7.2371 8.9307 9.0000 9.0000 7.5392 7.5392 7.5392 7.5392 7.5392 7.5392 7.5392 7.5392 7.5392 7.5392 6.9590 6.9590 6.9590 7.5392 7.5392 7.5392 6.9590 7.5392 8.7528 7.5392 7.5392 7.5392 7.5392 10.3793 7.5392 7.5392 10.3793 8.4332 7.5392 7.5392 7.5392 10.0464 9.0000 9.6621 9.2316 9.0000 13.2857 12.6934 13.2857 12.8914 9.5923 13.2857 9.3943 12.4239 13.2857 9.5030 10.0826 12.2417 11.5714 9.7143 9.7143 13.2857 9.0000 10.0524 9.3943 13.2857
7.5392 7.8005 10.1768 10.3793 7.5392 7.5392 10.3793 9.1150 8.9093 8.9295 9.0000 9.0000 8.2394 7.5392 7.5392 7.5392 7.5392 6.9590 7.5392 7.0619 7.0135 7.1826 6.9590 7.4847 6.9590 6.9590 6.9722 7.5392 7.5392 6.9590 7.5392 7.5392 9.4914 7.5392 7.5392 7.5392 7.6926 7.6736 7.5392 10.3793 10.3793 8.5433 7.5392 7.5392 10.0777 9.0000 9.0000 9.9370 12.8829 9.0000 9.0972 11.0544 13.2857 10.0342 11.0544 9.0000 9.7143 11.0544 12.8829 11.9459 9.0000 9.0000 12.9501 9.7143 12.9880 13.2857 9.0000 9.0000 13.2857
8.2190 10.3793 6.9590 6.9590 7.5392 7.5392 7.5392 9.1269 9.0000 9.0000 9.0000 8.9156 7.5392 7.5392 7.5057 7.4003 6.9590 7.4003 6.9590 8.2190 8.0214 6.9590 7.4858 7.5392 6.9590 6.9590 6.9590 6.9590 7.5392 6.9590 7.5392 10.3167 7.5392 7.5392 7.5392 8.0549 6.9590 7.4475 8.2246 10.3793 10.3793 10.1261 9.0000 9.0000 9.0000 9.1897 10.3793 9.5419 13.2857 13.2857 13.2857 9.4363 9.9314 13.2857 11.3096 13.2857 13.2857 12.7945 12.9571 13.2857 13.2857 9.0944 9.2475 13.2857 13.2857 10.3699 13.2857 9.0944 9.7867
10.3793 10.3793 6.9590 6.9590 7.2147 7.5392 7.5392 9.1269 9.0000 9.0000 9.0000 7.5392 8.0199 8.1279 7.8458 6.9590 6.9590 6.9590 6.9590 6.9590 8.0678 6.9590 7.5086 7.5392 6.9590 6.9590 6.9590 7.2924 7.5392 6.9590 7.3979 10.3793 10.3793 10.3793 10.3793 10.3793 10.3793 9.0000 9.0000 9.4446 7.5392 8.5264 9.0000 9.0000 9.9321 10.3793 7.8005 9.7143 11.4628 12.9571 13.2857 10.8229 11.6229 11.8963 13.2857 11.4286 13.2857 11.7596 13.2857 11.7596 11.7596 13.2857 9.0000 10.8313 13.1172 13.2857 13.2857 13.2857 9.0000
10.3793 7.2804 10.3793 6.9590 6.9590 8.1602 10.2658 9.0000 9.0000 9.7181 10.3793 9.0000 9.0000 9.0000 7.7068 10.0579 10.3793 10.0579 10.0579 10.0579 7.2804 6.9590 7.5342 7.5392 6.9590 6.9590 6.9590 6.9590 7.4908 8.5075 7.5392 7.0124 10.3793 7.0957 10.3793 10.3793 10.3793 9.1269 9.0000 9.0000 9.0000 9.0000 9.0000 10.3674 7.7417 7.5392 7.5392 9.7143 9.7143 9.7143 12.3487 9.0000 13.2857 10.0499 9.7143 9.7143 13.0311 13.2857 12.8829 12.8829 10.6516 9.0000 9.0000 9.0000 9.4028 13.2857 13.2857 13.2857 11.9459
10.3091 6.9590 6.9590 5.4689 5.4689 7.2750 9.1404 9.0000 9.3329 10.1896 9.0000 9.0000 9.0000 10.3793 10.3793 6.9590 6.9590 6.9590 8.9245 7.5392 7.5392 7.5392 7.5392 7.4327 6.9590 6.9590 6.9590 6.9590 7.4858 8.7347 6.9590 7.7777 10.3793 8.4138 9.0000 10.3793 9.4463 9.0000 9.0000 9.0000 9.2998 10.3793 10.3793 10.3167 9.6939 7.5392 8.1564 9.7143 9.7143 9.7143 13.2857 13.2857 9.7143 9.7783 9.4105 9.6986 9.7143 9.7143 9.7143 10.5691 10.5691 12.4309 13.2857 10.0258 9.0944 12.2599 11.8991 13.2857 13.2857
9.6897 9.0522 8.9178 8.9178 7.5392 6.2981 9.5867 9.0000 9.0000 9.0000 9.0000 9.0000 9.0000 10.2524 9.9066 6.9590 8.9178 6.9590 9.7576 7.6889 7.5392 9.1713 8.6411 8.5604 7.9898 7.4258 6.9590 6.9590 7.5392 7.8917 7.2924 10.3793 7.5392 10.3793 9.0000 9.0000 9.0000 9.0000 9.9321 10.3793 10.3793 10.3793 10.3793 7.5392 7.5392 7.5392 8.9025 9.7143 9.7143 9.7143 9.7143 9.7143 9.7143 10.8313 9.0000 9.7143 9.7143 9.1298 9.7143 13.2857 10.0524 13.2857 13.2857 13.2857 13.2857 9.0000 10.0524 13.2857 13.2857
7.2156 10.0646 7.2029 6.9590 6.9590 5.1220 9.5867 9.0000 9.0000 9.0000 7.5392 7.5392 7.5392 7.5392 7.8061 8.2771 6.9590 7.0366 9.0612 10.3793 7.5392 9.1713 7.7760 7.4515 7.2924 7.5392 7.5392 7.5392 6.9590 7.5392 8.0790 10.3793 10.1768 9.0551 9.0000 9.0000 9.0000 8.0310 7.5392 7.5392 10.3793 10.3793 10.3793 7.5392 10.1124 10.2658 9.8756 9.7143 9.7143 9.7143 9.7143 11.5066 12.6237 10.8308 9.0386 9.7143 9.0509 9.3719 9.7143 9.7143 13.2857 12.9200 9.0972 9.4028 9.4028 13.2857 9.0000 13.2857 13.2857
6.9590 10.0646 10.3793 9.0917 5.0000 5.0000 10.3793 9.0000 9.0000 9.0000 7.5392 7.5392 7.5392 10.3167 10.3793 10.3793 7.7777 9.5606 10.3793 8.4178 7.8073 7.6879 10.3793 6.9590 7.2466 7.5392 7.7032 7.2924 7.5392 7.5392 8.8513 10.3793 9.2505 9.0000 9.0000 7.5392 7.5392 7.5392 7.5392 7.5392 8.1564 10.3793 10.3793 10.3793 8.0605 8.6590 7.8888 9.4122 9.0000 9.7143 9.5846 9.7143 12.9571 11.8519 10.8229 9.0000 9.7143 9.7143 9.7143 12.4239 13.2857 9.3000 9.0000 10.0258 10.0258 9.0000 9.4363 9.0000 11.4732
6.9590 10.3793 10.3793 8.0807 5.0000 5.7434 9.5867 9.0000 9.0000 9.0000 7.0124 6.9590 6.9590 6.9590 6.9590 9.5461 7.2737 6.9590 9.5461 10.3793 7.5392 7.8979 7.5392 7.4794 8.1605 7.5392 9.6939 7.0645 7.1841 7.5392 7.8979 9.0000 9.0000 9.4539 9.2774 7.5392 7.5392 7.5392 7.5392 7.5392 7.5392 7.5392 10.3793 10.3793 8.3245 7.5392 7.5392 9.7143 9.7143 9.7143 9.5419 10.7156 9.7143 10.8621 13.2857 12.8914 11.0345 9.7143 13.1453 13.2857 12.4157 13.2857 13.2857 13.2857 10.8313 13.2857 13.2857 13.2857 9.0000
6.9590 9.6897 7.2029 6.9590 6.9590 6.7301 5.2905 9.0000 9.0000 9.0000 8.8258 8.8082 6.9590 6.7362 6.9590 10.3793 6.9590 7.4847 7.5392 7.5392 10.3793 7.5392 7.6639 8.8627 7.5392 7.5392 9.6939 6.9590 7.5392 7.5392 8.9416 9.0000 10.2497 10.3793 7.8061 10.3793 8.6337 7.5392 7.5392 7.5392 7.5392 10.3793 10.3793 7.8102 10.3793 10.3793 7.4363 12.1692 12.9501 9.7143 9.6981 11.4628 12.6523 13.2857 9.0000 13.2857 9.7143 9.7143 13.2857 10.0342 13.2857 13.2857 10.3398 13.2857 9.3943 13.2857 13.2857 9.4028 9.0000
8.5282 9.6897 6.9590 6.1027 5.0000 6.2876 5.7399 9.0000 9.0000 9.0000 9.0000 9.0307 6.7720 6.9590 10.3793 8.7472 7.5392 7.5392 7.2371 7.5392 9.8636 10.3793 7.5392 7.5392 8.1605 7.5392 9.1782 7.5392 7.5392 9.0000 9.0000 9.2998 9.6939 7.5392 10.3793 8.7403 10.3793 7.5392 7.5392 7.5392 7.5392 10.3793 8.0118 10.3793 10.3793 9.9887 7.5392 10.5761 10.8229 9.1710 9.7143 11.0488 13.1913 12.2515 9.0982 9.7143 9.6730 11.7246 9.3943 10.0342 13.2857 11.9599 10.0342 9.5895 13.2857 13.2857 12.6962 9.9314 13.2857
9.6897 6.9590 6.9590 6.9590 6.9590 9.1453 10.0406 9.0000 9.0000 9.0000 10.0483 10.3793 6.9590 6.9590 8.8932 7.5392 7.3821 7.2371 8.0025 9.1657 7.5392 10.3793 7.5392 7.5392 8.3787 7.5392 7.5392 7.5392 8.8656 9.0000 9.0000 10.3793 10.0864 7.5392 7.5392 10.3793 10.3793 10.3793 8.7732 7.5392 7.5392 8.0128 9.1713 10.3793 10.3793 8.0554 10.1180 9.5419 9.4105 9.7143 9.7143 9.7143 11.6229 9.5923 12.1104 9.7143 9.2316 13.2857 13.2857 9.0000 13.2857 9.0000 9.0000 13.2857 13.2857 13.2857 13.2857 13.2857 13.2857
9.6897 6.9590 6.9590 6.9590 6.9590 6.9722 9.1713 9.0000 9.0000 9.0000 9.0000 9.2156 6.9590 6.9590 6.9590 7.2655 7.2371 10.3793 7.6527 7.5392 8.1602 10.3793 7.5392 7.5392 7.5392 7.6736 7.5392 7.5392 7.6639 9.0000 9.7181 10.3793 10.3793 10.3793 10.3793 10.3793 8.6337 7.5392 10.3793 8.6337 8.8656 7.5392 10.3793 8.0429 10.3793 7.5392 10.3793 9.5419 9.2600 9.7143 9.7143 9.9072 9.4028 9.9370 13.2857 9.0062 9.0000 13.2857 12.9200 12.2515 13.2857 9.0000 13.2857 13.2857 13.2857 11.9459 9.2315 13.2857 13.2857
9.7846 6.9590 6.9590 6.9590 10.3793 10.3793 10.3793 9.0000 9.0000 9.0000 9.0000 9.6897 6.9590 6.9590 7.5392 7.2371 8.8766 10.3793 7.5392 7.5392 7.5392 10.0902 10.3793 7.5392 7.5392 7.5392 8.0549 7.5392 7.5392 9.0000 9.0000 10.3793 9.6995 8.7806 10.3793 10.3793 10.3793 10.3793 8.5763 10.3793 10.3793 10.3793 9.9887 7.5392 10.3793 7.5392 10.3793 9.0000 10.8698 9.7143 10.5761 9.0000 9.0000 13.2857 13.2857 13.2857 9.0000 13.2857 13.2857 13.2857 9.0000 9.0000 9.0000 10.8733 13.2857 12.4990 9.4363 9.0000 12.2599
10.3793 6.9590 6.9590 6.9590 10.3793 10.3793 9.5894 9.0542 9.0000 9.0000 9.0000 9.1109 6.9590 6.9590 7.5392 9.0000 10.3251 9.6939 7.5392 7.5392 7.5392 7.5392 10.3793 7.5392 7.5392 7.5392 9.3329 8.4539 7.5392 9.0000 9.0000 10.3066 7.5392 7.5392 10.3793 10.3793 10.3793 10.3793 10.3793 9.9254 10.3793 7.5392 7.5392 7.5392 10.0864 10.3793 9.1657 11.8963 10.8896 13.2857 10.3894 10.4104 13.2857 13.2857 13.2857 11.4544 9.0000 10.8229 13.2857 12.6934 11.4628 13.2857 12.8438 11.4628 13.2857 13.2857 13.2857 13.2857 9.0000
10.3793 6.9590 6.9590 6.9590 7.0135 7.2877 9.4310 9.1269 9.0000 9.0000 9.0000 9.1707 7.5392 7.5342 9.7389 9.0000 10.3793 9.6939 7.5392 7.5392 7.5392 7.5392 10.3793 6.9590 7.3156 7.5392 10.0464 9.6897 7.5392 9.0000 9.0000 9.0000 10.3793 7.5392 7.5392 10.3793 7.5392 10.1425 10.3793 10.3793 9.1177 8.8958 9.0000 7.6765 9.0000 9.0745 9.0000 9.0000 9.0000 9.0000 13.2857 13.1144 13.2857 13.2857 13.2857 13.2857 13.2857 10.6516 12.9284 12.2515 9.4028 9.4028 9.4028 13.2857 12.9200 9.4028 9.4028 13.2857 13.2857
6.9590 6.9590 6.9590 6.9590 6.9590 6.8458 7.6797 10.1800 9.0000 9.0000 9.0000 7.9297 7.5392 10.2294 9.0000 9.0000 9.0000 9.0000 7.5392 7.5392 7.5392 10.3793 7.8005 7.5392 7.5392 7.5392 9.0797 10.3793 7.5392 9.0000 9.0000 9.0000 10.3793 9.4604 7.5392 10.3793 8.7472 10.3793 10.3793 10.3793 9.0000 10.3793 10.3793 10.1180 9.8580 8.7806 10.3793 9.0000 10.8229 13.2857 10.8125 13.2857 13.2857 10.0258 9.0000 11.9599 13.2857 13.2857 9.3943 10.0258 12.2599 13.2857 13.2857 12.8494 12.3543 13.2857 13.2857 10.0258 9.0000
6.9590 6.9590 6.9590 6.9590 6.9590 6.6883 5.0000 10.1800 9.0000 9.0000 9.0000 9.6897 10.1524 9.0271 9.0000 9.0000 10.3251 10.3793 10.3793 7.2069 7.5392 7.5392 7.8005 7.2069 7.5392 7.5392 10.0464 10.3793 7.5392 7.6898 9.0000 9.0000 9.3329 10.3793 7.5392 7.5392 9.1713 10.3793 10.1887 9.0000 10.3793 10.3793 9.4446 7.5392 10.3793 9.1713 8.6411 10.8721 9.0000 9.2258 13.2857 13.2857 13.2857 13.2857 13.2857 9.2258 9.0000 13.2857 9.1685 11.8963 13.2857 13.2857 13.2857 11.4628 13.2857 10.8621 12.2417 13.2857 13.2857
6.9590 6.9590 6.9590 6.9590 7.5392 7.0990 5.9785 8.1301 9.0000 9.0000 9.0000 9.6897 9.0276 9.0000 9.0000 9.0000 9.1177 9.6315 6.9590 6.9590 7.5392 9.0179 7.2737 6.9722 7.5392 9.8756 9.0983 8.7472 7.5392 7.5392 9.0000 9.0000 9.0313 10.3793 7.5392 7.5392 9.1713 9.0119 9.0000 9.7926 10.3793 7.5392 7.5392 7.5392 7.6036 10.3793 10.1369 9.7143 13.2857 13.2857 13.2857 10.6516 13.2857 9.4028 13.2857 13.2857 13.2857 12.8829 9.0000 13.2857 13.2857 13.2857 9.0000 13.2857 13.2857 12.3487 9.1713 9.3657 13.2857
7.5392 7.5392 7.4327 6.9590 7.5392 7.4327 6.9590 6.4034 10.3793 9.0000 9.0000 9.9013 9.0000 9.0000 9.0000 8.0426 6.9590 6.9925 7.3515 7.5392 7.5392 7.5392 10.1180 7.5392 7.5392 7.5392 9.3329 8.7472 7.5392 7.5392 9.0000 9.0000 9.0000 10.3793 7.5392 8.2246 9.5867 9.0000 9.0797 10.3793 10.3793 7.5392 7.5392 7.5392 7.7032 8.2190 7.6017 9.7143 10.2055 9.0000 9.7867 13.2857 12.8914 12.2515 13.2857 13.2857 13.2857 13.2857 9.0000 13.2857 13.2857 9.0000 12.2599 13.2857 13.2857 12.4990 13.2857 13.2857 12.2515
7.5392 10.1180 7.5392 6.9590 7.5392 10.3793 7.5392 6.9590 9.8561 9.0000 9.0000 9.0000 25.7256 9.0000 6.2968 5.0000 7.5392 7.5392 7.5392 7.5392 7.2069 7.5392 10.2676 7.5392 7.5392 7.5392 9.9321 10.3793 7.5392 7.5392 8.6442 9.0000 9.0000 10.3793 7.8005 10.3793 9.0000 7.5966 10.3793 10.3793 10.3793 7.5392 7.5392 7.5392 8.3758 8.3758 10.3793 9.7143 10.8896 13.1453 11.4544 10.0524 12.8914 12.2515 13.2857 12.8914 13.2857 10.8229 9.0000 10.8313 9.0000 13.0599 13.2857 11.4544 13.1172 12.6934 10.8313 9.0000 10.8621
7.5392 10.1180 7.5392 6.9590 7.4858 8.2246 10.1124 7.4897 9.6897 9.5315 9.0000 9.0000 17.6944 9.0000 5.0000 7.5392 10.1124 10.0992 10.0579 10.0579 7.0859 7.5392 7.5392 7.5392 7.5392 9.8756 10.0464 10.3793 7.5392 7.5392 7.6181 9.0000 9.0000 9.7926 10.3793 9.0983 9.0000 10.1221 10.3793 10.3793 10.3793 10.0133 10.2497 10.3793 10.1124 7.5392 10.3793 9.7143 9.7143 9.7143 13.2857 13.2857 9.0371 12.8829 9.0000 9.0000 13.2857 10.8229 12.5257 13.2857 13.2857 12.8829 9.0000 11.6341 13.2857 13.2857 13.2857 13.2857 13.1885
7.5392 10.3793 9.0000 7.5392 6.9718 8.2246 9.0000 10.3793 7.6180 9.5867 9.0000 12.7521 11.0811 9.0000 9.0000 11.0811 9.0000 9.3301 8.0656 7.4858 7.5392 7.5392 7.5392 7.5392 9.6995 10.3793 9.0000 10.3793 7.5392 7.5392 7.5392 9.0000 9.0000 9.0000 9.9526 9.0000 8.3615 9.0000 8.6504 9.9330 10.3793 10.1261 10.0492 10.3793 10.3793 10.3793 8.4178 9.7143 13.2857 9.0944 9.4122 13.2857 13.2857 10.5761 9.5895 13.2857 13.2857 9.0000 11.9599 11.4732 13.2857 13.2857 13.2857 12.2599 9.0000 13.2857 9.0000 11.9599 13.2857
7.5392 7.6509 9.0000 7.8950 7.5392 8.2246 9.0000 9.0000 9.1994 9.0000 9.0000 9.0000 24.4616 17.7346 9.0000 9.0000 9.7172 7.3992 6.9590 7.5392 7.5392 7.5392 7.5392 7.5392 7.5392 10.1180 9.0000 10.3793 7.8005 7.5392 7.5392 8.9230 9.0000 9.0000 9.0000 9.0000 8.3758 9.1657 10.3793 10.3793 10.3793 10.3793 10.3793 9.8441 9.5894 10.0433 10.3793 9.7143 10.8229 11.2285 12.7921 10.8896 13.2857 9.0000 13.2857 9.7143 10.0826 10.8229 12.8914 13.2857 13.2857 9.0000 12.2515 10.4104 11.4544 13.2857 12.5067 9.0000 9.0000
9.0000 9.0000 9.0000 9.0000 7.6610 7.6036 9.5315 9.0000 9.0000 9.0000 9.0000 9.0000 8.1550 9.0000 7.6765 10.3242 7.2804 6.9590 7.2611 7.5392 7.5392 7.5392 7.5392 7.5392 7.5392 9.1269 9.0000 10.3793 7.5392 7.5392 10.3793 7.5392 9.0000 9.0000 9.0000 9.0000 8.1605 7.5392 7.8061 7.5392 10.3793 10.3793 10.3793 10.3793 10.3793 10.3793 8.0429 9.5581 10.6516 9.7452 9.7143 9.0000 12.8829 13.2857 11.4263 9.4314 9.4028 9.0000 12.8914 13.2857 9.4028 9.0000 9.9370 13.2857 13.2857 10.3398 13.2857 13.2857 13.2857
