inst/extdata/SSURGO_Ksat_rotated.asc
NCOLS 340
NROWS 316
XLLCORNER 528502.529920
YLLCORNER 274871.653426
CELLSIZE 100.000000
NODATA_VALUE -9999.000000
[rows 31 to 61 of 316, columns 0 to 68 of 340]
29.8125 29.8125 29.8125 29.8125 10.0921 10.0921 60.8421 68.7994 70.4493 75.6364 75.6364 76.3341 74.7368 74.7368 74.7368 74.7368 74.7368 74.7368 74.7368 74.7368 74.7368 74.7368 2.9385 0.0000 0.0000 0.0000 0.0000 0.0000 0.0000 0.0000 0.0000 0.0000 0.0000 0.0000 0.0000 0.0000 0.0000 0.0000 0.0000 0.0000 0.0000 0.0000 0.0000 0.0000 0.0000 0.0000 0.0000 0.0000 0.0000 0.0000 0.0000 0.0000 0.0000 0.0000 0.0000 0.0000 22.1646 0.0000 0.0000 51.0132 78.5114 51.0132 51.0132 51.0132 51.0132 51.0132 51.0132 51.0132 34.6059
29.8125 29.8125 29.8125 1.1917 10.0921 10.0921 68.8267 74.7368 74.7368 74.7368 74.7368 74.7368 74.7368 74.7368 74.7368 74.7368 13.2542 0.0000 7.0237 74.7368 7.0237 0.0000 0.0000 0.0000 0.0000 0.0000 0.0000 0.0000 0.0000 0.0000 0.0000 0.0000 0.0000 0.0000 0.0000 0.0000 0.0000 0.0000 0.0000 0.0000 0.0000 0.0000 0.0000 0.0000 0.0000 0.0000 0.0000 0.0000 0.0000 0.0000 0.0000 0.0000 0.0000 0.0000 0.0000 0.0000 39.8596 0.0000 0.0000 51.9427 51.0132 51.0132 51.0132 51.0132 51.0132 51.0132 51.0132 51.0132 51.0132
28.7379 2.0866 0.0000 0.0000 0.0000 0.0000 0.0000 73.0908 74.7368 74.7368 74.7368 74.7368 74.7368 56.8482 0.0000 0.0000 0.0000 0.0000 0.0000 0.0000 0.0000 0.0000 0.0000 0.0000 0.0000 0.0000 0.0000 0.0000 0.0000 0.0000 0.0000 0.0000 0.0000 0.0000 0.0000 0.0000 0.0000 0.0000 0.0000 0.0000 0.0000 0.0000 0.0000 0.0000 0.0000 0.0000 0.0000 0.0000 0.0000 0.0000 0.0000 0.0000 0.0000 9.3639 43.9966 0.0000 0.0000 7.0166 47.4428 51.0132 51.0132 51.0132 51.0132 51.0132 51.0132 51.0132 51.0132 51.0132 51.0132
22.0000 0.0000 0.0000 0.0000 0.0000 0.0000 0.0000 0.0000 74.7368 74.7368 74.7368 64.4081 13.5839 0.0000 0.0000 0.0000 0.0000 0.0000 0.0000 0.0000 0.0000 0.0000 0.0000 0.0000 0.0000 0.0000 0.0000 0.0000 0.0000 0.0000 0.0000 0.0000 0.0000 0.0000 0.0000 0.0000 0.0000 0.0000 0.0000 0.0000 0.0000 0.0000 0.0000 0.0000 0.0000 0.0000 0.0000 0.0000 0.0000 0.0000 0.0000 92.0000 31.2204 16.5381 34.2249 0.0000 0.0000 16.7883 51.0132 92.0000 92.0000 51.0132 51.0132 51.0132 51.0132 51.0132 51.0132 51.0132 51.0132
0.0000 0.0000 0.0000 0.0000 0.0000 0.0000 0.0000 0.0000 1.6950 35.8253 0.0000 0.0000 0.0000 0.0000 0.0000 0.0000 0.0000 0.0000 0.0000 0.0000 0.0000 0.0000 0.0000 0.0000 0.0000 0.0000 0.0000 0.0000 0.0000 0.0000 0.0000 0.0000 0.0000 0.0000 0.0000 0.0000 0.0000 0.0000 0.0000 0.0000 0.0000 0.0000 0.0000 0.0000 0.0000 0.0000 0.0000 0.0000 41.4766 0.0000 22.2014 51.0132 51.0132 39.8596 0.0000 0.0000 38.7027 72.3529 92.0000 92.0000 92.0000 51.3676 51.0132 51.0132 54.4301 51.0132 90.3616 88.5025 88.1481
2.2398 0.0000 0.0000 0.0000 0.0000 0.0000 0.0000 0.0000 0.0000 0.0000 0.0000 0.0000 0.0000 0.0000 0.0000 0.0000 0.0000 0.0000 0.0000 0.0000 0.0000 0.0000 0.0000 0.0000 0.0000 0.0000 0.0000 0.0000 0.0000 0.0000 0.0000 0.0000 0.0000 0.0000 0.0000 0.0000 0.0000 0.0000 0.0000 0.0000 0.0000 0.0000 0.0000 0.0000 0.0000 0.0000 19.9944 81.5285 49.7226 0.0000 0.0000 0.0000 0.0000 0.0000 0.0000 0.0000 53.3806 92.0000 92.0000 92.0000 92.0000 59.9209 92.0000 92.0000 92.0000 84.4765 92.0000 92.0000 92.0000
0.0000 0.0000 0.0000 0.0000 0.0000 0.0000 0.0000 0.0000 0.0000 0.0000 0.0000 0.0000 0.0000 0.0000 0.0000 0.0000 0.0000 0.0000 0.0000 0.0000 0.0000 0.0000 0.0000 0.0000 0.0000 0.0000 0.0000 0.0000 0.0000 0.0000 0.0000 0.0000 0.0000 0.0000 0.0000 0.0000 0.0000 0.0000 0.0000 0.0000 0.0000 0.0000 0.0000 0.0000 0.0000 0.0000 86.7415 0.0000 86.5263 0.0000 0.0000 0.0000 0.0000 12.7145 16.7883 51.0132 92.0000 92.0000 92.0000 92.0000 92.0000 92.0000 92.0000 92.0000 92.0000 92.0000 92.0000 92.0000 92.0000
0.0000 0.0000 0.0000 0.0000 0.0000 0.0000 0.0000 0.0000 0.0000 0.0000 0.0000 0.0000 0.0000 0.0000 0.0000 0.0000 0.0000 0.0000 0.0000 0.0000 0.0000 0.0000 0.0000 0.0000 0.0000 0.0000 0.0000 0.0000 0.0000 0.0000 0.0000 0.0000 0.0000 0.0000 0.0000 0.0000 0.0000 0.0000 0.0000 0.0000 0.0000 0.0000 0.0000 0.0000 0.0000 0.0000 0.0000 0.0000 86.5263 0.0000 0.0000 0.0000 0.0000 92.0000 66.8084 88.2286 92.0000 92.0000 92.0000 92.0000 92.0000 92.0000 92.0000 92.0000 92.0000 92.0000 92.0000 92.0000 92.0000
0.0000 0.0000 0.0000 0.0000 0.0000 0.0000 0.0000 0.0000 0.0000 0.0000 0.0000 0.0000 0.0000 0.0000 0.0000 0.0000 0.0000 0.0000 0.0000 0.0000 0.0000 0.0000 0.0000 114.5769 140.0000 33.5096 33.5096 33.5096 0.0000 0.0000 0.0000 0.0000 0.0000 0.0000 0.0000 0.0000 0.0000 0.0000 0.0000 0.0000 0.0000 0.0000 58.5317 86.5263 86.5263 86.5263 20.7104 86.5263 48.7050 0.0000 0.0000 12.6542 92.0000 92.0000 92.0000 63.6922 92.0000 92.0000 92.0000 92.0000 92.0000 92.0000 92.0000 92.0000 92.0000 92.0000 92.0000 92.0000 92.0000
0.0000 0.0000 0.0000 0.0000 0.0000 0.0000 0.0000 0.0000 0.0000 0.0000 0.0000 0.0000 0.0000 0.0000 0.0000 0.0000 0.0000 0.0000 0.0000 0.0000 0.0000 0.0000 0.0000 0.0000 34.3779 140.0000 59.8237 59.8237 0.0000 0.0000 0.0000 0.0000 0.0000 0.0000 0.0000 0.0000 0.0000 0.0000 32.6432 57.0000 69.6170 69.6170 92.0000 73.8003 60.0447 69.6170 69.6170 69.6170 62.3666 2.2412 56.5098 51.0132 92.0000 92.0000 92.0000 92.0000 92.0000 92.0000 92.0000 92.0000 92.0000 92.0000 92.0000 92.0000 92.0000 92.0000 92.0000 92.0000 92.0000
0.0000 0.0000 0.0000 0.0000 0.0000 0.0000 0.0000 0.0000 0.0000 0.0000 0.0000 0.0000 0.0000 0.0000 0.0000 0.0000 0.0000 0.0000 0.0000 0.0000 0.0000 0.0000 1.8341 0.0000 0.0000 0.0000 0.0000 0.0000 0.0000 0.0000 0.0000 0.0000 0.0000 0.0000 46.8913 51.6432 57.0000 57.0000 57.0000 57.0000 57.0000 92.0000 71.8871 57.0000 57.0000 57.0000 57.0000 57.0000 27.3231 56.5071 51.0132 22.0000 92.0000 92.0000 92.0000 92.0000 60.9041 92.0000 92.0000 92.0000 92.0000 92.0000 92.0000 92.0000 92.0000 92.0000 92.0000 92.0000 92.0000
0.0000 0.0000 0.0000 0.0000 0.0000 0.0000 0.0000 0.0000 0.0000 0.0000 0.0000 0.0000 0.0000 0.0000 0.0000 0.0000 0.0000 0.0000 0.0000 0.0000 0.0000 14.8822 22.0000 22.0000 22.0000 46.1730 57.0000 57.0000 57.0000 57.0000 57.0000 57.0000 57.0000 57.0000 48.6226 57.0000 57.0000 64.6066 77.1980 57.0000 57.0000 57.0000 57.0000 57.0000 57.0000 57.0000 57.0000 57.0000 57.0000 57.0000 51.0132 47.2639 92.0000 92.0000 92.0000 92.0000 60.9041 92.0000 92.0000 92.0000 92.0000 92.0000 92.0000 92.0000 92.0000 92.0000 92.0000 75.0825 14.1579
0.0000 0.0000 0.0000 0.0000 0.0000 0.0000 0.0000 0.0000 0.0000 0.0000 0.0000 0.0000 0.0000 0.0000 0.0000 0.0000 0.0000 0.0000 0.0000 0.0000 0.0000 22.0000 22.0000 22.0000 22.0000 22.0000 25.6092 57.0000 57.0000 57.0000 36.9559 22.0000 22.0000 22.0000 22.0000 57.0000 57.0000 60.2205 57.0000 57.0000 57.0000 57.0000 57.0000 57.0000 57.0000 57.0000 57.0000 57.0000 57.0000 57.0000 51.0132 92.0000 92.0000 92.0000 92.0000 92.0000 60.9041 92.0000 92.0000 92.0000 92.0000 92.0000 92.0000 92.0000 92.0000 92.0000 92.0000 17.2185 22.1849
0.0000 0.0000 0.0000 0.0000 0.0000 0.0000 0.0000 0.0000 0.0000 0.0000 0.0000 0.0000 0.0000 0.0000 0.0000 0.0000 0.0000 0.0000 0.0000 0.0000 5.3090 22.0000 22.0000 22.0000 22.0000 22.0000 22.0000 22.0000 22.0000 22.0000 22.0000 22.0000 22.0000 22.0000 22.0000 57.0000 73.7773 57.0000 57.0000 57.0000 57.0000 57.0000 57.0000 57.0000 57.0000 57.0000 57.0000 57.0000 57.0000 57.0000 51.0132 92.0000 92.0000 92.0000 92.0000 92.0000 51.0132 53.2267 54.8651 63.8265 92.0000 92.0000 92.0000 92.0000 92.0000 92.0000 17.2695 14.1579 50.1774
0.0000 0.0000 0.0000 0.0000 0.0000 0.0000 0.0000 0.0000 0.0000 0.0000 0.0000 0.0000 0.0000 0.0000 0.0000 0.0000 0.0000 0.0000 0.0000 4.7813 22.0000 22.0000 22.0000 22.0000 22.0000 22.0000 22.0000 22.0000 22.0000 22.0000 22.0000 22.0000 22.0000 22.0000 29.6066 57.0000 57.0000 57.0000 57.0000 57.0000 57.0000 57.0000 57.0000 57.0000 57.0000 57.0000 57.0000 57.0000 57.0000 57.0000 53.3806 92.0000 92.0000 92.0000 86.3624 51.0132 51.0132 51.0132 51.0132 51.0132 51.0132 51.0132 82.1896 82.1896 53.8819 52.3227 56.4396 56.4396 92.0000
0.0000 0.0000 0.0000 0.0000 0.0000 0.0000 0.0000 0.0000 0.0000 0.0000 0.0000 0.0000 0.0000 0.0000 0.0000 12.5991 0.0000 2.8158 20.9098 22.0000 22.0000 22.0000 22.0000 22.0000 22.0000 22.0000 22.0000 22.0000 22.0000 22.0000 22.0000 22.0000 22.0000 33.5184 57.0000 57.0000 57.0000 57.0000 57.0000 57.0000 57.0000 57.0000 57.0000 57.0000 57.0000 57.0000 57.0000 57.0000 68.5184 57.0000 92.0000 92.0000 92.0000 64.3008 64.5018 92.0000 92.0000 92.0000 92.0000 92.0000 87.5384 73.6842 73.6842 73.6842 73.6842 73.6842 88.6710 92.0000 92.0000
0.0000 0.0000 0.0000 0.0000 0.0000 0.0000 0.0000 0.0000 4.8101 8.4782 0.0000 0.0000 0.0000 0.0000 20.4314 22.0000 20.3750 20.3750 21.3738 22.0000 22.0000 22.0000 22.0000 22.0000 22.0000 22.0000 22.0000 22.0000 22.0000 22.0000 22.0000 22.0000 22.0000 57.0000 57.0000 57.0000 57.0000 57.0000 57.0000 57.0000 57.0000 57.0000 57.0000 57.0000 57.0000 23.3991 53.7795 89.5045 92.0000 92.0000 54.8651 52.6516 51.0132 51.0132 74.5664 92.0000 87.9954 73.6842 73.6842 73.6842 73.6842 73.6842 73.6842 73.6842 75.4055 75.4055 90.2787 92.0000 92.0000
0.0000 0.0000 0.0000 0.0000 0.0000 0.0000 0.0000 0.0000 4.0383 22.0000 2.0243 0.0000 0.0000 4.7813 9.3041 22.0000 22.0000 20.3750 20.3750 22.0000 22.0000 22.0000 22.0000 22.0000 22.0000 22.0000 22.0000 22.0000 22.0000 22.0000 22.0000 22.0000 22.0000 57.0000 57.0000 48.6226 57.0000 57.0000 57.0000 57.0000 57.0000 57.0000 57.0000 48.6226 22.0000 37.2988 57.0000 57.0000 57.0000 57.0000 51.0132 60.8236 92.0000 92.0000 87.6160 73.6842 78.0682 92.0000 92.0000 90.0787 58.7368 58.7368 58.7368 58.7368 58.7368 92.0000 79.6101 73.6842 84.0383
0.0000 0.0000 0.0000 0.0000 0.0000 3.0404 0.0000 0.0000 0.0000 22.0000 22.0000 14.8677 22.0000 22.0000 22.0000 22.0000 20.5245 21.2940 22.0000 22.0000 22.0000 22.0000 22.0000 22.0000 22.0000 22.0000 22.0000 22.0000 22.0000 22.0000 22.0000 22.0000 45.6532 36.9559 22.0000 26.8370 57.0000 57.0000 57.0000 57.0000 57.0000 22.0000 22.0000 22.0000 22.0000 33.5184 57.0000 57.0000 57.0000 57.0000 78.7123 92.0000 92.0000 73.6842 79.7119 92.0000 92.0000 81.0532 58.7368 58.7368 58.7368 58.7368 58.7368 69.6836 73.6842 73.6842 79.7119 72.9506 77.7862
0.0000 0.0000 0.0000 0.0000 0.0000 5.3090 9.3576 18.0984 20.4314 22.0000 22.0000 22.0000 22.0000 22.0000 22.0000 22.0000 22.0000 20.3750 21.3738 22.0000 22.0000 22.0000 22.0000 22.0000 22.0000 22.0000 22.0000 22.0000 22.0000 22.0000 22.0000 22.0000 24.4955 22.0000 22.0000 57.0000 38.7773 25.2893 57.0000 25.2893 22.0000 22.0000 22.0000 22.0000 29.6524 57.0000 57.0000 88.7107 92.0000 88.7107 92.0000 92.0000 73.8426 73.6842 84.9416 92.0000 92.0000 71.5556 58.7368 58.7368 58.7368 58.7368 66.0095 90.6703 90.2787 73.6842 92.0000 61.5098 59.4912
0.0000 0.0000 0.0000 0.0000 0.0000 22.0000 22.0000 22.0000 22.0000 22.0000 22.0000 22.0000 22.0000 22.0000 22.0000 22.0000 22.0000 22.0000 20.3750 20.3750 22.0000 22.0000 22.0000 22.0000 22.0000 22.0000 22.0000 22.0000 22.0000 22.0000 22.0000 22.0000 22.0000 22.0000 57.0000 22.0000 22.0000 22.0000 22.0000 22.0000 22.0000 22.0000 22.0000 22.0000 22.0000 38.7548 92.0000 32.1740 92.0000 92.0000 90.9421 76.2035 92.0000 73.6842 73.6842 73.6842 73.6842 86.0741 92.0000 64.7772 58.7368 58.7368 58.7368 72.5085 76.8421 85.5895 88.3719 92.0000 92.0000
0.0000 0.0000 0.0000 0.0000 21.1350 22.0000 22.0000 22.0000 22.0000 22.0000 22.0000 22.0000 22.0000 22.0000 22.0000 22.0000 22.0000 22.0000 21.4652 20.3750 22.0000 22.0000 22.0000 22.0000 22.0000 22.0000 22.0000 22.0000 22.0000 22.0000 22.0000 22.0000 22.0000 30.5945 22.0000 22.0000 22.0000 22.0000 22.0000 14.7599 9.4009 52.6873 92.0000 92.0000 92.0000 92.0000 46.8405 92.0000 92.0000 82.6966 76.2155 92.0000 82.4759 73.6842 88.6710 92.0000 78.1042 88.3077 92.0000 92.0000 75.1513 59.6909 58.7368 69.1055 76.8421 85.4141 92.0000 92.0000 92.0000
22.0000 22.0000 22.0000 22.0000 22.0000 22.0000 22.0000 22.0000 22.0000 22.0000 22.0000 22.0000 22.0000 22.0000 22.0000 22.0000 22.0000 22.0000 21.2211 22.0000 22.0000 22.0000 22.0000 22.0000 22.0000 22.0000 22.0000 22.0000 22.0000 22.0000 22.0000 22.0000 22.0000 22.0000 22.0000 22.0000 22.0000 3.9016 20.1149 88.3224 92.0000 92.0000 92.0000 92.0000 92.0000 92.0000 84.7442 92.0000 92.0000 0.0000 92.0000 82.4639 73.6842 92.0000 60.0665 88.9393 90.6941 76.8421 76.8421 76.8421 76.8421 76.8421 76.8421 86.1585 92.0000 76.8421 76.8421 76.8421 76.8421
19.7602 22.0000 22.0000 22.0000 22.0000 22.0000 22.0000 22.0000 22.0000 22.0000 22.0000 22.0000 22.0000 22.0000 22.0000 22.0000 22.0000 22.0000 20.3750 21.9642 22.0000 22.0000 22.0000 22.0000 22.0000 22.0000 22.0000 22.0000 22.0000 22.0000 22.0000 22.0000 22.0000 22.0000 22.0000 22.0000 7.1178 92.0000 92.0000 92.0000 92.0000 92.0000 57.5318 32.0191 92.0000 92.0000 84.7442 82.3158 69.9794 0.0000 90.9421 73.6842 73.6842 70.9405 58.7368 58.7368 58.7368 84.0383 72.5085 72.5085 76.8421 76.8421 76.8421 92.0000 92.0000 76.8421 76.8421 76.8421 76.8421
12.6424 22.0000 22.0000 22.0000 22.0000 22.0000 22.0000 22.0000 22.0000 22.0000 22.0000 22.0000 22.0000 22.0000 22.0000 22.0000 22.0000 22.0000 21.0662 20.3750 22.0000 22.0000 22.0000 22.0000 22.0000 22.0000 22.0000 22.0000 22.0000 22.0000 22.0000 22.0000 22.0000 22.0000 22.0000 12.7145 92.0000 92.0000 92.0000 92.0000 92.0000 92.0000 92.0000 46.8405 46.8405 39.0957 41.0602 52.6873 92.0000 4.8480 73.6842 84.1734 92.0000 84.1734 58.7368 58.7368 58.7368 58.7368 58.7368 58.7368 58.7368 58.7368 76.8421 92.0000 92.0000 76.8421 76.8421 76.8421 76.8421
22.0000 22.0000 22.0000 22.0000 22.0000 22.0000 22.0000 22.0000 22.0000 22.0000 22.0000 22.0000 22.0000 22.0000 22.0000 22.0000 22.0000 22.0000 22.0000 20.5105 20.3750 22.0000 22.0000 22.0000 22.0000 22.0000 22.0000 22.0000 22.0000 22.0000 22.0000 22.0000 22.0000 2.0675 75.6842 92.0000 92.0000 92.0000 92.0000 92.0000 92.0000 69.2781 92.0000 88.9927 62.2816 0.0000 83.3539 85.3433 88.2680 83.2069 90.2787 92.0000 61.5752 58.7368 58.7368 58.7368 58.7368 58.7368 58.7368 58.7368 58.7368 58.7368 76.8421 86.1585 92.0000 92.0000 91.1814 90.5755 76.8421
22.0000 22.0000 22.0000 22.0000 22.0000 22.0000 22.0000 22.0000 22.0000 22.0000 22.0000 22.0000 22.0000 22.0000 22.0000 22.0000 22.0000 22.0000 31.6282 42.5318 20.3750 50.8405 21.8505 22.0000 22.0000 23.5417 22.0000 22.0000 22.0000 20.7293 14.3613 60.0000 60.0000 92.0000 92.0000 92.0000 92.0000 92.0000 92.0000 92.0000 92.0000 92.0000 79.3458 0.0000 38.9080 92.0000 92.0000 84.0934 82.3158 79.5586 92.0000 58.7368 58.7368 58.7368 58.7368 58.7368 58.7368 58.7368 58.7368 58.7368 58.7368 63.0704 76.8421 76.8421 76.8421 73.6842 89.4807 77.6648 92.0000
22.0000 22.0000 22.0000 22.0000 22.0000 22.0000 22.0000 22.0000 22.0000 22.0000 22.0000 22.0000 22.0000 22.0000 22.0000 22.0000 58.3995 62.0881 92.0000 92.0000 68.7796 33.3933 21.8505 22.0000 22.0000 22.0000 22.0000 14.7599 52.6873 87.5776 60.0000 60.0000 90.6616 85.5028 92.0000 92.0000 92.0000 92.0000 92.0000 92.0000 92.0000 29.8258 0.0000 52.6873 92.0000 92.0000 92.0000 92.0000 50.0813 62.0534 58.7368 58.7368 76.1302 58.7368 58.7368 58.7368 58.7368 58.7368 58.7368 58.7368 58.7368 58.7368 76.8421 76.8421 76.8421 73.6842 57.9277 81.5108 31.4862
22.0000 22.0000 22.0000 22.0000 22.0000 22.0000 22.0000 22.0000 22.0000 22.0000 22.0000 22.0000 22.0000 22.0000 22.0000 92.0000 92.0000 92.0000 92.0000 22.4667 27.1062 20.3750 20.3750 22.0000 22.0000 22.0000 22.0000 52.8681 92.0000 60.0000 60.0000 80.2186 84.4332 92.0000 92.0000 92.0000 92.0000 92.0000 71.8851 3.6776 75.6842 83.3539 92.0000 92.0000 92.0000 92.0000 83.2259 54.3432 58.1028 60.0000 58.7368 76.8421 76.8421 73.6842 72.2795 72.2795 72.2795 58.7368 72.2795 58.7368 58.7368 58.7368 76.8421 76.8421 73.6842 9.0000 3.8281 0.0000 6.3905
38.7548 22.0000 22.0000 22.0000 22.0000 22.0000 22.0000 22.0000 22.0000 22.0000 22.0000 22.0000 22.0000 22.0000 92.0000 92.0000 92.0000 92.0000 44.6477 15.6119 16.6750 20.3750 20.3750 20.3750 21.3088 22.0000 22.0000 52.8681 92.0000 92.0000 84.6338 84.4205 92.0000 92.0000 92.0000 69.9794 0.0000 22.0206 92.0000 92.0000 92.0000 92.0000 92.0000 92.0000 84.2778 73.9874 73.7541 65.6553 60.0000 60.0000 58.7368 66.6508 58.7368 76.8421 76.8421 74.4401 74.2577 73.6842 73.6842 73.6842 73.6842 76.0862 76.0862 76.8421 76.8421 9.0000 54.8926 76.8421 76.8421
60.0000 60.0000 60.0000 39.0514 22.0000 22.0000 22.0000 22.0000 22.0000 22.0000 22.0000 22.0000 45.0368 92.0000 61.5859 92.0000 22.0000 12.4413 0.0000 0.0000 0.0000 20.3750 20.3750 20.3750 22.0000 22.0000 22.0000 92.0000 86.9643 82.3158 82.3158 82.3158 35.1746 14.9614 52.6873 9.4869 92.0000 92.0000 92.0000 92.0000 92.0000 87.7923 82.3158 73.6574 60.0000 60.0000 82.3158 54.4631 50.1856 60.0000 58.7368 58.7368 58.7368 58.7368 58.7368 58.7368 76.8421 74.4534 73.6842 73.6842 73.6842 73.6842 73.6842 76.8421 9.0000 18.3758 76.8421 59.4487 76.8421
